1.231276086539328629e+00 -2.881865316218923390e-01 1.258196936993980275e+00 5.737561983770502749e-01 -9.768746409920792129e-01
-1.257096424240048416e+00 -2.318624987841042095e+00 8.433792517812573053e-02 -2.976732522909799061e-01 -3.390328756905230945e-01
-6.202755832323555429e-01 1.128496332972789562e-01 -6.132038126310529469e-01 1.582270683515847098e+00 -3.844380959342640347e-01
2.198112496185372411e+00 4.463334359795242956e-01 9.241106957635746300e-01 9.336605439721427091e-01 -1.812702175149916606e+00
4.496167914951323952e-01 -4.110504458323921972e-01 7.492995550061996024e-01 2.111377691191971551e-01 -2.606511406966507960e-01
-4.293623630841921779e-01 1.667689179248038833e+00 -6.083647243733469878e-02 7.872980699644840374e-01 -3.093359006185088522e-01
4.900120750404262093e-01 -1.255038975296892900e+00 4.239436480811312885e-02 2.307881866643272106e-01 -1.309774407060292134e+00
1.234064550076872546e+00 3.109393184057792844e-02 -6.546210377781312983e-01 9.864291169741258303e-01 -4.555740022527538652e-02
1.016677119951384878e+00 -3.307090758070692638e-01 1.358381887871005445e+00 6.085638452785779168e-02 2.005891440375175083e+00
4.252978849090195412e-01 -8.803982199196594416e-02 -1.248473473888006113e+00 1.104597221789698658e+00 -2.029385922934950237e+00
-1.349546355876538151e+00 -8.733163387506138742e-01 1.361041845894195301e+00 1.420654760897240854e+00 4.303741635948362676e-01
-1.767827133264950057e-01 -2.199254045327719620e+00 7.292887472028638518e-01 1.100558240048691516e+00 -3.423680438532294978e-01
-5.772435517429559404e-01 1.197128452467760340e+00 -1.637706287146900808e+00 2.634602800838406367e+00 -1.586423925220094455e+00
3.525986211082343114e-01 -5.378847496903781389e-01 3.934444305011197129e-01 2.865182704874905117e-01 2.042536234017049424e+00
1.642809234392312634e+00 -4.417257122177495332e-01 1.843148397986261178e-01 2.210909029565910067e-01 -8.268135316929665635e-01
2.014014092532141920e+00 -1.372629648387734935e+00 -8.574284009369551596e-01 -1.681288450323329409e+00 -1.505986541899521358e-01
-3.416174339398486137e-01 4.218400632613348855e-01 8.895066833330590450e-01 3.750630038018906015e-02 -4.428788648581077902e-01
7.729588615990822253e-01 -5.860818849876662240e-01 -2.058396306644984242e-01 4.436039965191485579e-01 -2.096983919818949105e-01
1.196869743862859714e+00 1.407703829083028824e+00 1.768872614585667857e-01 1.728331911765654150e+00 -9.516835539067837191e-01
2.264058838274400021e+00 -1.695053673633510338e-01 8.452254254630365837e-01 2.453228994027900178e+00 4.257522982355563257e-01
1.015717399253082798e+00 1.095313440084674905e+00 -4.000841542752248681e-01 3.343574778468784703e-01 3.863209838964610787e-01
6.174938815678410187e-01 9.622223812117247643e-01 4.705489111947673275e-01 -2.358042053837247631e-01 6.787892942117893513e-01
-6.441716148314606816e-01 1.908883435205208867e+00 -5.635453097015976631e-01 1.082472553980253327e+00 -1.951910828300387202e+00
-4.133013066453932183e-01 -5.089668349633530431e-01 -1.231050022741324357e+00 -1.285655962065268276e-01 8.536369770850880112e-01
-1.907581854529183163e+00 2.827370540168409052e-01 1.495253810352378476e+00 -2.975981973812835690e-01 -7.461140108403354620e-01
2.451323220439907344e-02 1.989693077515133357e+00 -3.731683129826400269e-01 1.410367315485508977e-01 -9.418154744100064590e-01
4.700443799929779898e-01 -2.543262112616853643e-01 -1.164221343703471634e+00 2.567294396978628823e-01 1.768714819662251803e-01
2.338360597853580969e-01 -1.139199859974461715e+00 -1.039986911452734676e-02 -5.209393966736975967e-01 -1.089221209899098763e+00
3.529338202576330907e-01 -2.941586240537304997e-01 -9.563119970921414303e-01 -1.345773267162120757e+00 -4.249810979356378332e-02
-9.244696239819246708e-01 -1.559941952968716961e-01 4.249975137707832085e-01 -7.795514073297667990e-01 -2.116536176559550064e+00
-4.381790514846799489e-01 -5.391658869848697973e-03 -1.712084862038407707e+00 1.705586302486808759e+00 8.111898627624783975e-01
1.405943713285195740e+00 -4.783534197398298660e-01 -6.449186383198352024e-01 1.315003381243257281e-02 -3.747599689535000694e-02
3.040466665196556173e-01 9.432737373252608748e-01 3.004783719254489061e-01 1.006933824919090670e+00 4.846802879516259877e-01
1.340430317977629127e+00 3.420748390767709424e-01 1.070628330433165853e+00 1.739065035386261782e+00 1.306606023456831744e+00
-5.306376231770058016e-01 1.682143774624488275e-01 -9.688461423239465020e-01 3.096540232389633496e-01 9.401078687562172131e-01
-1.876728120322615379e+00 2.126709162253966223e+00 1.075932159621314499e-01 -2.145268174369090008e+00 -9.091063036026872379e-03
2.070287729196449156e-01 7.549870771000174452e-01 1.359420259432529310e+00 6.960720447198754934e-01 6.822013885490229024e-01
9.341636251163595306e-01 -8.147085942103097222e-01 -2.512424471785195679e-01 -3.828348716908777094e-01 3.409579336820139960e-04
-5.776757572695859766e-01 -3.282353026689243114e-01 1.212363279004731176e+00 -1.431414262379013369e+00 -6.823901545943419356e-01
1.650255780889412272e+00 2.492208338147537394e-01 7.841585066260120529e-01 -1.482420027541313967e+00 -4.545456740798452522e-01
1.211824933130268254e-02 1.763482852296436754e+00 -1.351047375258597638e+00 1.188150215635991103e+00 4.915170062268078843e-01
-3.496910244439603299e-01 -6.707585162645776089e-01 -9.565800088146263480e-01 5.979392060011153864e-01 -4.567743938128762116e-01
-7.985108706416641500e-01 -8.093937153094850068e-01 2.404313373861552972e-01 4.376957790682529104e-01 3.021634276264747454e-01
-6.292168510339257725e-01 4.396181122844199374e-01 -8.364688793505851983e-02 1.926554635313957764e+00 -1.471741541219743432e+00
8.656648826207419267e-02 3.999687285935594749e-01 -1.194173510174018960e+00 -6.559648650084895505e-02 -1.516735185523184759e+00
6.253251786254551137e-01 1.675501756501932782e+00 -2.901961310372053737e-01 -2.289954150894044915e-01 1.524646430799617258e+00
6.303770369470711454e-01 4.310825760972623599e-01 -8.497053824980507208e-01 5.221378930442613919e-01 4.046062088777270804e-01
-6.741221784273419004e-01 -5.440258083364327840e-02 -8.167593067783271987e-01 6.026630287247964901e-01 1.571673596570594689e-01
2.036963058802589710e-01 7.131192095024281585e-03 -6.870504020425381997e-01 -1.558200420469064637e-02 -1.647448529127537309e-01
-6.384267062657911218e-01 1.045045617865140608e+00 -2.753424036988163723e-02 -3.599655096528708853e-01 -2.629359747477384435e-01
2.128395482538143924e+00 -3.892407948042350685e-01 5.696129372942311253e-01 -2.742994634216303629e-01 -1.098416857661530965e+00
-1.741829017409254332e+00 -8.488428411293358344e-01 7.497497188050298300e-01 -9.394742584377890893e-01 -6.140592272313377675e-01
1.102627935999813458e+00 1.225241058116337767e+00 1.087177558331361871e+00 5.441542266812231521e-01 -5.297963539231236307e-01
7.816811529768891154e-01 -5.246404025655174719e-01 -1.381096697908072324e+00 9.454761835401771508e-01 -1.361691079945743121e+00
2.596495281153555101e+00 4.043229111596519654e-01 6.083219326593530818e-01 1.465612178195722093e-01 3.495766044131567996e-01
2.575959707726095949e-01 -1.476499899388751480e+00 4.396305183334403566e-01 -5.134104624191121458e-01 -3.690652137628624291e-02
-1.203246746459805117e-01 -1.054309546130632436e+00 -2.758927524237527962e+00 6.597554177814543008e-01 2.143405511347149961e+00
7.123593339938373292e-01 -1.284895581101659356e+00 -5.609303062746763269e-01 -1.911416631012880618e+00 8.378915183281288037e-01
-5.040947031165338155e-01 1.089087305894253177e+00 -1.007032034128037878e+00 5.389986042721031101e-01 -4.499021065136818431e-01
-7.277516838860478288e-01 -1.262911165262533587e-02 4.544115993062357028e-01 5.498104050925418651e-01 -5.179763784193508469e-01
7.466657174180171275e-01 9.291818101673398056e-01 2.294180076422844827e-01 4.144058767169737645e-01 3.097238249312984637e-01
-1.121415821634884694e-02 1.344760396963594840e+00 -8.314923992582389234e-01 -4.079718173581667884e-01 -1.330803886352116772e+00
-2.150630257186208205e-01 -1.104090709322169017e+00 -1.938458954558434533e+00 9.018970308683510462e-01 1.635481290281593614e+00
1.712569587490440526e+00 -2.490044967419421662e-01 -2.686403608586940828e-01 9.303814529541579170e-02 -3.756183525328262579e-02
1.044608023710358102e+00 2.289627852599042335e+00 -2.425562595022625612e-01 7.210319212928965049e-01 2.299380399979592760e+00
-6.737499858532929042e-02 -2.834100091546573608e-01 -1.199517947637563475e+00 -7.903467741059398699e-02 8.218730066993303884e-01
-3.462033362722194418e-01 -1.845407218508655189e+00 -2.598922255795924396e+00 1.982216615055942543e-01 -4.841802538800444311e-01
1.245376549440333047e+00 6.968713741003972340e-01 -6.455201895753388819e-02 -1.057840324980103608e+00 -4.692222763041774547e-01
-8.422947892189031061e-02 5.546888627607823308e-01 1.397360646697419551e+00 1.369847446774846711e+00 -1.373074552981100815e+00
5.922316836288040731e-01 2.983350852543438791e-01 2.247846596705589117e-01 -1.318877909506406931e+00 -3.159044358266463459e-01
9.433927361551572854e-01 -1.035966665876922876e+00 -5.941559609790095786e-01 -1.182275708424911587e+00 4.903964579000617136e-02
-1.334141159590601200e+00 5.154522115392348169e-01 -4.899453245704100679e-01 3.032837588697010478e-01 2.452996395793422657e+00
2.883101519618361808e-01 -3.787364472231135593e-01 1.282981210829157170e+00 4.635227113857091907e-02 -7.552426415564633677e-01
1.352863841398443956e-01 2.015309468280045202e+00 -9.835947913492372185e-01 -3.983987995210003935e-02 -7.099856026766829808e-01
-5.606849801695578533e-02 2.172995919778955454e+00 -6.873077693909016017e-02 -2.313193001450203345e-01 -4.723461810937867322e-01
3.925138210219113882e-02 -1.211099623685187865e+00 -4.579227970731721831e-01 1.428612957547083173e+00 1.072204428682902222e+00
-2.845333969209862778e-03 5.731926742619615489e-02 -7.911547787315551528e-01 1.511507467582625885e+00 -4.292039147532171750e-01
-2.660021917714968431e+00 -9.509128336917662683e-01 2.806393636422445104e-01 2.936806912063600894e-01 2.567313393113491715e-01
-1.283046959285195854e+00 -7.138098179196208370e-01 1.333552162153426757e+00 -7.639064506388854037e-01 -1.534958100371853096e+00
6.357076620094161135e-02 -3.356823981462996320e-01 -1.147647705339468471e+00 1.429802718594958000e-01 -6.482725502646102811e-01
1.586675489389537952e-01 -1.676100789915017653e-01 -1.592215884785585622e+00 2.704105592062632235e-01 5.291992449175445534e-01
7.608964923650862744e-01 1.401752612285267929e+00 1.231653332950431778e+00 1.001158121232853748e+00 -9.780515720665323709e-01
1.853233833983857493e-01 6.584609261717480067e-01 -4.953610189517377443e-02 2.373988495223972872e-01 -1.511580323141539672e+00
9.853089194260048478e-01 -3.728401179345630090e-01 -1.486235802672653428e+00 -1.116613769413766222e-01 -1.959615355233153666e+00
-6.009150364167169522e-01 1.329372671024025010e-01 -2.169974427336589518e+00 -1.116558876495104435e+00 -5.693680056562911984e-01
-6.054177480161555547e-01 1.828015341520016435e+00 1.641788308636039639e+00 -1.325293279931214263e+00 1.235409894214099941e-01
1.078571286097349313e+00 -4.262203126258889974e-01 -3.350518317977342897e-01 -1.482925713165540726e-01 -1.354584618598112744e+00
-2.843123265263789445e-01 4.638541309004886454e-02 1.017532937508319302e+00 6.056706550095872776e-01 -4.518868277419629265e-01
3.621202908856556435e-02 -7.166434138894739458e-01 6.927424983264619529e-01 -7.791339891265129936e-01 -2.974212613542047134e-01
2.164172929374712506e+00 5.378525330368729707e-01 3.326438661438503863e-01 1.256946846277600116e+00 2.456189311599763225e-01
-5.764098365512599909e-01 -1.107288422028092745e+00 1.352825314781629651e-01 -1.052777616099010549e+00 2.052293424987168269e+00
5.734161903997485599e-01 1.003454398011577098e+00 -6.099083140840722006e-02 3.071651346569289620e-01 1.822392511295202189e+00
4.167751489210132221e-02 7.735174003714017088e-01 1.309817055706619937e-01 1.667159218460354309e+00 6.244473192504322867e-01
-6.062513479848160580e-01 6.110578840796482281e-01 -9.203095152494391584e-01 1.509508919131058891e+00 6.564636842551869744e-01
1.669884345964615102e+00 -1.610850419370323916e+00 9.478467543751061264e-01 9.864636328794196274e-02 -1.510664174844703611e+00
-6.695713849281262897e-01 4.537092683674631699e-02 3.797713865389971133e-01 -4.755639821750215490e-01 -2.494963003791745848e-01
-1.354861213483027127e+00 -5.210994753938542612e-01 1.883164146633178770e+00 -1.348460508936667468e-01 6.814415817952207410e-02
-6.910295239236220466e-01 -5.072914485493871251e-01 3.287530761382752575e-01 9.405872633227585489e-01 6.720070138251329483e-01
-5.327551665909893153e-01 -4.711798428431648311e-01 -3.400845291834343476e-01 -1.463205664061971722e+00 1.138598255707540474e+00
-9.722738354931713678e-01 -5.093478044706626490e-02 1.707453490636345439e+00 -1.725418378394878438e+00 -3.090016992283615704e-01
1.757337302283152214e+00 6.935953089970143814e-01 1.465480370578848834e+00 -1.797384065356959493e-01 1.243757958940686636e+00
-4.428831050631382854e-02 -4.736762594686852110e-03 6.841859207540075261e-01 -2.160270879150555601e+00 -1.973593146080722671e-01
-8.472755980335280324e-01 3.394901405262807370e-01 8.867839385230603666e-01 3.970008109545786201e-01 9.629596425463168297e-01
1.069356468124726289e+00 -3.556284234610498918e-01 -1.069477110788059182e+00 2.631474301847840813e+00 -1.412974373922038618e+00
-1.030171840315109000e+00 -6.761962199168615184e-01 4.439955770193982909e-01 -4.711591189813225666e-01 1.513439870078403526e+00
2.229107692218903203e-01 -2.892519821999136820e+00 3.393659646811907349e-01 -3.120491953321097300e-01 -9.759209971282051255e-01
7.952552145991840238e-01 -7.207247556122546583e-02 -7.424240056849941150e-01 1.225653943514177335e+00 -2.205388106888171773e+00
5.456138470499352633e-02 4.523994181036959383e-01 1.614796379086025802e+00 -1.126840855368533845e+00 -3.600841185709736103e-01
-1.768077980482333222e+00 -3.233806066242059241e-01 -5.291453264645539639e-02 -5.833628356789399838e-01 -3.562459504853466297e-01
-8.015694952427457887e-01 1.048546357138432805e+00 -7.815785221917778136e-01 1.367483459326907180e+00 -1.021425996679555137e+00
-1.260336219725050055e+00 4.786129105603375566e-01 -1.122477647352290719e-01 7.691809040720403168e-01 1.416185686325866389e+00
6.693232845293022037e-02 1.293410425148528997e+00 1.169078966564270239e+00 1.510159419755966237e+00 -1.619323337733530543e+00
-2.252246858458031742e+00 -7.602755048076781375e-01 1.135155932012889002e+00 6.326811102665230724e-01 6.538631859794601375e-01
-3.014257053306639289e-01 -2.033287104802683931e+00 1.230432040045944669e-01 2.137270881826621449e-01 -9.075357200729423646e-01
1.518517692390644491e+00 1.763453269860341122e+00 -2.100679593357992481e+00 9.573124041890850311e-01 2.478752676683826928e-01
7.244464967710640968e-01 6.058983479762460878e-01 -1.290258480892525483e+00 7.894331064668144160e-01 1.960913744314466634e+00
2.063871602205731737e+00 1.178953844983267468e-01 -9.953600155051325338e-01 1.299512411736310380e+00 9.166028720962700049e-01
-7.374561938764481184e-01 -1.536919883223242467e+00 -5.622548291650494301e-01 -1.599511123302567839e+00 8.243899303441132309e-01
-3.409913418375481453e-01 -3.546536411891018648e-01 7.333459271075988273e-01 1.322218860137048368e+00 -1.218570938709641283e+00
7.225832547437371217e-03 4.359221871853911079e-01 -8.878523966482758656e-01 2.465396496987350083e+00 -5.865577208094376882e-01
2.061297993714588939e-01 -6.265270449478639314e-01 1.392166800102057289e+00 2.825770500558185905e+00 1.033557277018687826e+00
-7.182097119655078687e-01 -6.333760290891712330e-01 5.856393784336446640e-01 6.780885678655742543e-01 5.890314221396188987e-01
1.377155713687813421e+00 5.679165016669079913e-01 -1.838672925642872880e+00 1.313082590043442410e+00 -1.107092175871735806e+00
3.891948406616170253e-01 -1.242944305486380241e+00 2.709897645931619650e-02 2.979976171758653702e+00 -2.368803452633156503e+00
2.930872770320169796e-01 -9.313671593205927746e-01 1.567160737328493703e+00 1.161550734644955618e+00 -8.167612979935445772e-01
-1.558124143502247927e+00 -8.698654758981736457e-01 -9.783833289729178262e-02 -1.682501148593069873e+00 6.562595585203879756e-01
2.810229618575511568e-01 6.246092117606539817e-01 -7.254627259044714449e-02 6.233510473340710956e-01 1.192175386948464810e+00
2.969976148652221370e-01 4.913036474431242695e-01 1.942404272059539971e-01 -7.757471735919493905e-02 2.061826370537659603e+00
1.153447608316925110e-02 7.880923673567601373e-01 -2.987428733187770802e-01 1.105651176408260827e+00 9.078026106262983008e-01
2.438683996535974341e+00 -1.396215366401090341e+00 -3.303312193727942492e-01 1.160260071066470777e+00 -2.442410968669555538e-01
-1.463325444663201136e+00 5.323157007708620991e-01 -8.000277875088551705e-01 1.168330783137681017e+00 -1.044767659582037211e+00
-1.327603730472116883e+00 -2.046315887848344950e+00 8.385336133918298573e-01 -6.869310533575789801e-01 -5.620131955900595777e-01
-1.246180172582210671e-01 -1.696453418424783421e-01 -4.599695250050315209e-01 8.565337952186947712e-01 1.626720776302837956e+00
-1.473233880491572334e+00 -7.650971680304989864e-01 -1.986660274782134250e+00 2.745036203204034297e-01 1.866807604628875628e-01
1.075603283213240724e+00 3.834028007471857458e-01 -1.466997459953160110e+00 -2.647817627810150065e-01 -1.032079012011609453e+00
1.393335423612921120e-01 3.642078995201961100e-01 2.013717346368233851e+00 -1.937597409419277827e+00 3.161602003964772978e-01
-2.557095205001198857e-03 5.276804771962433360e-01 -2.226212590894304511e-01 -4.914850199883160631e-01 -1.593839508519544923e+00
-1.196331834871290134e+00 1.499101180691328139e+00 -1.310930206784669982e+00 -8.394658504492905071e-02 5.582081612248739749e-02
1.220734704603765985e+00 -4.108690321801490297e-01 -8.827690417669709078e-01 -5.456284895203125096e-01 3.868001417893413563e-01
-2.338664106145302568e-01 -1.018051067202430937e-01 -1.490771627338368099e-01 6.980962424701659952e-01 8.531481644514044005e-01
1.960286222917462018e+00 2.919983609771963362e-01 1.149028828843918493e-01 3.892951878485234052e-01 -4.618502406676227579e-01
-3.440374919622348621e-02 5.192691885994520362e-01 -6.725830976695404972e-01 1.173611225751707288e+00 -1.592229487652642383e+00
-7.415559723866658182e-01 9.588875887899702688e-01 1.898921022876496556e+00 -1.595062640129899512e+00 -2.549622084201182415e-01
2.165941358708959985e+00 -4.962480662521354113e-01 1.085210465635717325e+00 7.184401910974755889e-01 5.058829084876128451e-02
2.519035957041730334e-01 1.010051054185149289e+00 -7.469947408883852447e-01 -2.271399646534858208e-01 8.424672698181427943e-01
-1.735524490419048660e-01 -2.703637915368669042e-01 -2.104981490263564403e-01 -1.860821173997107003e+00 6.002736547867639771e-01
1.516668506375467906e+00 -1.912468733489743222e+00 7.424203692068189753e-01 -3.382374676099147437e-01 -3.509817976000559336e-01
-1.618913429264418891e-01 -1.226760296786286952e+00 -3.106381133082461998e-01 -8.768604078597456164e-01 7.795471787293416499e-01
-2.077642602297644081e-01 -6.747340208223141511e-01 -5.161724477231361963e-01 -7.427643976809856774e-01 2.661053745594555431e-01
-2.436141413214424067e-01 8.794044165879504327e-01 3.872634759274159455e-01 -5.042549732141282659e-01 2.157701429689973693e+00
2.236463345235760958e+00 -7.332018625168136294e-01 2.600242685059271697e+00 -5.068512430010673198e-01 -6.531524096667717938e-01
7.220209628124222290e-01 -1.333760091065354092e-01 -8.379451717221529927e-01 4.440839665857278518e-01 2.723573491234842603e+00
1.575488157876915762e+00 1.540193087766037472e+00 -1.463202599027243034e+00 -1.114549488514224862e+00 -6.111642286958276493e-01
4.980108384890826190e-01 -7.518549995424239629e-01 -9.755960391137280530e-01 -1.573866354803244771e+00 4.436374802492609737e-01
-3.986878505716239807e-01 7.822806095977845597e-01 -2.084000059245744385e+00 -1.185218147346080553e+00 1.400777645480181022e+00
-7.757635355304917102e-01 -1.127581614148644773e+00 -1.672484122268801665e-01 -7.482985610779968599e-01 2.928707292589550204e-01
-1.559786556735892893e-01 -1.069637450455351191e+00 -7.931587458675252167e-01 -2.671611818048008624e-01 1.381575760748082304e+00
-1.401371993649687564e+00 6.198907213790116888e-01 -1.671563832537807270e+00 5.220121193072331245e-01 -1.027402908303956947e-01
1.682660201007156298e+00 -5.162865457554292048e-01 -2.058548223801772714e-01 -7.859453365381630086e-01 -6.208847932359113919e-01
1.471532221426775644e+00 7.919710444601256727e-01 -8.447571011295171850e-01 1.241444385464876843e-01 -7.139037107112000680e-01
1.405045335320928290e-01 -8.550847628858783134e-01 -1.225497532834125824e-02 -2.336222320261848173e-01 -2.811496786924262414e-01
3.345442465418944078e-01 1.578962880009212866e-01 1.801444468744503258e+00 -3.187448534409808576e-01 -7.662656341882068123e-01
6.779560191887201714e-01 -6.946407143976615628e-02 -1.057361033150376661e+00 -1.401209542980615119e-01 -1.433495223905032478e+00
1.435125891304225743e+00 3.912090121732648695e-01 1.330827650338805679e+00 -9.888421037221284404e-01 -4.313032376956794089e-01
-4.164044860342988597e-01 -2.106245545508352024e-01 2.611800024300166889e+00 -8.170961157753487969e-01 2.296934544231054587e-01
-1.281649115102102110e+00 -2.897256157861550219e-01 -5.946949801470561292e-01 4.305687415106707744e-02 3.749506778066536428e-01
1.519598853187188681e+00 2.128613871569079719e-01 1.566497880888604088e+00 -2.589054009227413911e-01 1.711488987899949521e+00
-5.151983709538149325e-01 1.079216776392233790e+00 1.477462786653068516e+00 -2.751087237902243299e-01 -4.370077128368603514e-01
-6.646436723098715360e-01 2.270058792454801910e+00 -6.435940599918866800e-01 1.863738219504922633e-01 -2.803147586206757302e-01
-3.366500813171736106e-01 8.419474527241028738e-01 5.433722489987565796e-01 -9.629876003866364442e-01 -1.600955277159431533e+00
1.525084223169074660e+00 -1.827132007803146385e-01 -5.719213320690518243e-01 -3.399369950691254194e-02 -2.241427676715551653e-01
7.874836307345161046e-01 -7.721864164554070875e-02 9.066656379325832571e-02 1.741325205079485572e-01 -7.149444372743598564e-01
-1.300629967379799634e+00 -2.050023878509102726e+00 -2.852370342847925788e-01 9.818706358219383423e-01 3.920587684126279615e-02
-1.279135305865251926e+00 -1.042793745848233700e+00 -6.556071072796044730e-01 2.571542085006839340e-01 -3.568092725480447314e-01
1.980870384931375516e-01 -2.175800173915109492e-01 -7.853147218429327170e-01 6.764086845449899243e-01 1.057214164194443917e+00
2.317881524385248415e+00 1.671679120015501896e+00 6.432677271477473813e-01 -7.658654798486602688e-01 2.551034199886165754e-01
-1.286240910822764372e+00 -1.654657489741648391e+00 3.723273987100763488e-02 1.270301300778208908e+00 -1.432766116281197211e-01
-7.673321827911168125e-01 -2.369623293302214329e+00 -2.605598440471241783e-01 1.289570505919947485e-01 -1.207666434722325377e+00
4.087450189034442793e-01 1.611498491175042069e+00 -1.840722394142293161e-01 -1.820611109610827394e-01 -3.537951807917888436e-01
-1.341866118869836866e+00 2.185997587907844708e-01 -1.005283071569735398e+00 6.768507529542582279e-01 4.997563736124673861e-01
-1.197943506181396556e+00 -1.096549277166270375e+00 2.128379332370861354e-01 -9.730597476236549359e-02 5.091344911020245778e-02
-1.053729128116536184e+00 1.531753024425929421e+00 -3.264935837443563305e-01 1.466845170475920668e+00 -5.541288675149712573e-01
-5.024829727646237289e-03 9.715876971987960076e-01 3.023412236776535367e-01 -8.062357062589076140e-01 -3.169119479183827304e-01
-1.672525696032304277e-01 -6.040330856396997072e-01 1.251292332800006291e+00 -1.342866619158898933e+00 4.152507926479656053e-01
-1.288860718693892071e+00 -1.018783533479358683e+00 6.616163308269252807e-01 -8.920385309152664144e-01 5.518893919262993775e-01
-1.452172742245783743e+00 3.058028499455842653e-01 -1.152519979662010252e+00 5.443555599003372381e-01 -1.252269817589099832e+00
-1.504966866291396199e+00 4.910938093207027344e-01 -3.653927065657884277e-01 -1.716035430876618195e-01 1.031659055821307902e+00
-1.662219943791583665e+00 -9.516455013339135682e-01 9.350069229319492303e-02 5.418270427264914035e-01 -6.956735567112438678e-01
-2.259975674672218826e+00 -8.934810940078692365e-01 -6.567153032474649654e-01 -6.929903587341476046e-01 -8.416537208522983926e-01
7.458306672457651887e-01 -2.110367031965166174e+00 1.072823534584017358e+00 1.731284712777360957e+00 3.593048254811180287e-01
-1.111323311411736237e+00 1.137844365051557061e+00 1.275549279410528758e+00 2.945994117673690349e-01 -2.185679526461260735e+00
2.339069668537749336e-01 1.100631415361274401e+00 4.247358160108570813e-01 3.372429465727354025e-01 1.389364704440292642e-01
1.086236517395448020e+00 -9.334515442889324000e-02 8.974225427830347934e-01 1.254604909326490825e+00 1.241709678448029569e-02
2.214819474349313033e+00 -3.535363794935944548e-01 6.348368383314011154e-02 6.446871821687670881e-03 4.102476437631032979e-01
7.437629614008844925e-01 -7.251887020881637724e-01 -1.059525574130986358e+00 -3.219626748828830487e-01 4.132559710474977277e-01
1.156781001474246340e+00 -5.121814114444011024e-01 -4.490087586100963701e-01 -1.393872355629271809e+00 5.303887363061817739e-01
-1.633903451233026660e-01 -3.208823115970941831e-01 -4.034307864510728314e-01 -6.640667200560890215e-01 -1.162874535620294775e-01
4.464316280745284082e-01 -1.143678019041974858e+00 1.022599851715735170e-01 -2.689138918396051792e-01 4.295471169127261235e-01
-1.081474542017547780e+00 -1.671210587554994964e+00 1.029451504586236688e+00 -3.955523002201815630e-01 -7.647819715512026439e-01
1.080465734718704107e-01 -2.650998837424730636e-01 4.594625920794160323e-01 2.687855274239261613e-02 -1.085703536597849128e+00
-9.595815581646646164e-01 6.633858890718461465e-01 -2.023599553247702743e-01 -6.430290604299907509e-01 -8.134525307527809002e-01
-9.194611841134223695e-01 1.146700292149882144e-01 -1.374237037080025536e-01 1.365526924759416172e+00 -2.616383473769733903e-01
-1.673828834744982633e-02 8.044517528521182015e-02 2.744990787293169476e-01 1.563247622239820833e+00 -9.265796978079369195e-01
-1.364920079911041521e-02 -9.834549020237666472e-02 8.498770749115637235e-01 -4.949857099055345322e-01 1.068730858335749101e+00
-2.164551422493769195e+00 1.144581190102393231e+00 -9.505017962626417516e-01 7.641232149245451577e-01 1.319489770439328247e+00
2.242153835226374792e-01 -2.937463744259392051e+00 2.126290678700445969e-01 3.135212753027017407e-01 5.678259589675223040e-01
-1.012319558029962874e+00 2.237323629479777976e-01 1.933760101849997914e+00 1.249880810603261283e+00 4.884160794066899625e-01
-5.534931727535469248e-01 1.547365698878110374e-01 -8.778612751705602291e-01 -5.545231382123773090e-01 -1.275889164723877256e+00
5.510339915164720326e-01 6.002933860781640707e-01 1.109558263278250356e+00 -3.609852554956634596e-01 1.120128630257340108e+00
1.465150886768176619e+00 -4.485923403632277595e-02 1.105298619166976692e+00 3.984775320050912284e-01 -1.752418924636575115e+00
2.841767344627423419e+00 -1.747250016410554885e+00 -7.727107227387303157e-01 -1.164875348592739224e+00 1.148886683738508330e+00
-7.210639967808063489e-01 -1.940882428190562781e+00 9.990505958835167732e-02 1.281836444927709762e+00 -9.700794014053391034e-01
3.724843869882257796e-01 4.417797154994524966e-01 -1.082960286842948205e+00 6.957065866433737034e-01 -2.200885284266095587e-01
8.924890045566711283e-01 8.761147661252163266e-01 -3.095809121804546371e-01 -5.196042391018410589e-01 -1.306871642803693057e+00
-7.028345962332641639e-01 -1.378836971880672779e+00 2.925249584070651832e+00 5.717519912105644142e-01 -4.587554920336953113e-02
-6.335446421738192280e-01 2.233114224345262411e+00 -2.638579714662668829e-01 -1.156971970419412854e-01 7.624002299100847146e-01
-1.873634339238868574e+00 -6.810869031391157680e-02 5.722701440716702198e-02 4.421279633484641661e-03 -6.535903409121929242e-02
1.192808645062070960e+00 1.507615526649367821e+00 2.159299177751088927e-01 1.076200323537641834e+00 -1.399355970784832426e+00
-8.864627247909975249e-01 -1.065689324586204384e-01 6.733013168923698832e-02 -2.074949102265354062e-01 2.912158513319216269e-01
2.441216159316528689e+00 -1.728508586728505492e-02 9.122820275716163607e-01 1.239658497372330581e+00 -5.733674005671929308e-01
1.289161297478265800e+00 9.156867139248746623e-01 3.633261944169958735e-01 -2.611875576069896621e+00 1.780367361410017057e+00
1.322194158200802550e+00 -5.086752518838716375e-01 5.284387653161191079e-01 8.252167223304360810e-01 -1.348431601053270423e+00
7.003573371771820710e-01 -2.152732345405164449e-01 9.030884548690235603e-01 -3.007437204443558887e+00 -2.330467257653145108e+00
-2.009140888525519641e-01 1.025521058578315881e-01 -9.636093841896099521e-01 -7.346326319510078084e-01 2.468834998275603876e-01
1.409326707139855195e-01 -7.251721300578094498e-01 7.957408150919007550e-01 -1.764385412609697779e-01 -1.633434529802586521e+00
1.203282109479349771e+00 -7.458623286955364806e-01 -2.978456119870348529e-01 -9.822353025953018957e-01 -1.321825235273082155e+00
6.110959458849138937e-01 -4.604537160584172839e-01 -1.262019210476440723e+00 1.198047274638240900e+00 1.798412081927316164e+00
-5.454435908354702267e-01 1.553282650144762966e+00 1.072913356596620627e-01 1.535343544034797558e+00 -1.849514170610358499e-01
2.493469356130846581e-01 5.485517784032251098e-01 1.134898199352542658e+00 1.102947403048723185e+00 1.663230233797479585e+00
-1.664597266836923273e-01 2.957374388461356252e-01 1.130517335211745245e+00 -6.693256986576540113e-01 8.059806605109512967e-01
-1.790812162013304676e-01 -1.230426356146590988e-01 5.381953794951334080e-01 1.065478093083208178e+00 -1.401320168192430993e+00
-6.381587884213572037e-01 -2.258110853203109392e-01 -5.189087299420577781e-02 -4.910358802231283848e-01 -2.245990020043855839e+00
-4.661615990735024639e-01 -5.672651391975102042e-01 -4.167720921029580694e-01 1.828022208054227715e-01 -8.394173585534070448e-01
-1.707502718882836779e-01 -1.651030727306701085e+00 -2.086256634943707833e-01 -7.109470694343852371e-01 5.234685381924246428e-02
4.606203676073666320e-01 -2.749021592795029001e-01 -1.371530862502668979e-01 -7.862843723127858064e-01 1.631779369091443277e+00
7.923774529948754974e-01 -1.625041422831591253e+00 7.398307178481248192e-01 1.014269107652175261e+00 9.582081002792166569e-01
6.362667001065182015e-01 -7.676492296420006634e-01 6.184794833285855997e-01 1.831612201556855057e-01 1.859351272994245852e+00
-5.599342933703584935e-01 6.541744284547735822e-01 7.905471336028097040e-01 4.623413146779397631e-01 1.298543896727921421e-01
-3.661470152520728827e-01 7.300938208953663411e-01 -1.293408694519158075e-01 9.294993604315769653e-02 1.073858531263133465e+00
1.260307602431752994e+00 3.326231472388714305e-01 2.495994562448983434e+00 3.348724992192815275e-01 2.440851311736529916e-01
-1.075514634924526813e+00 -2.019219710844586402e+00 -2.437464457765859294e+00 -1.485635098857895076e-01 1.151151461610985471e+00
-1.699062624362197849e-01 1.718791134703294254e+00 7.952760660124087444e-01 -5.621861897470772362e-01 1.939502730777593886e-01
-1.253987556118070223e-01 9.635532049680582967e-01 -7.322648281309307450e-01 -2.418791276116570143e-03 -1.301703860937662993e-01
9.666753728401993317e-01 2.401796487274638625e-01 1.003144336345547089e-01 -9.387914568843859220e-01 1.205818556417159515e+00
-1.657105446765120282e-01 9.223550870561044723e-01 -8.054891463719712208e-01 1.817658689892473145e+00 8.265794684236413836e-01
-4.604227912124065347e-01 -4.756816554371042782e-01 -5.339895834459503637e-02 2.218795730087641527e-01 2.083893314367839533e+00
1.548829471079998799e+00 -1.703670176733319330e+00 1.468585803708826187e-01 1.577394646408330603e+00 7.791216392920984335e-01
5.349876314532653332e-01 -9.595929740786235396e-02 -8.964068835920472322e-01 1.387181435773914062e+00 9.973930614721019383e-01
-8.086478393188760716e-01 -1.090127500529532778e+00 -3.106675874655754344e-01 -1.632628504293441585e-01 -4.603413131011199200e-01
2.475150154096478483e-01 1.782746044978379407e+00 -1.348903793035603066e-02 7.679714999543232334e-01 -3.554917035945523440e-01
2.567261023702487877e-01 -8.996278029049505909e-01 -3.867754069148260365e-01 1.409772727957864458e+00 2.229973912554258586e+00
-1.082994129642059322e+00 3.818486737966952926e-01 4.902530856340709953e-01 8.203164981469009964e-01 -3.574656686856997334e-01
1.633568192869814806e-01 -6.249672366792912159e-01 -7.417124138333454075e-01 1.362227797464337087e-01 -1.059449426930080485e+00
4.248894868688366522e-01 -2.712600152319243896e-01 -6.835675448918393515e-01 -1.537437609903522517e+00 -1.013744279420476652e-01
1.493609123529360261e-01 -7.354556815108361789e-01 -3.129665273330240471e-01 -6.534162143452642013e-01 -9.912257369950866481e-01
9.979759184888105095e-01 -2.792384684815958362e-01 -1.876324515323992137e-01 -5.325407945608757743e-01 5.268504427164218962e-01
1.292071086753592946e+00 1.850506544927822961e-01 7.243496402225746422e-02 -1.809644266940156065e-01 3.238141037043453796e-01
-6.047407961436175317e-01 -1.408890961968435329e+00 -9.811016161982916151e-01 1.651830680019697739e-01 -1.664585551253300322e-02
-2.552892924849795575e-01 1.082266159649409643e+00 4.256964528509417367e-02 -5.869133310724625741e-01 -1.948176142699347357e+00
3.788603286514439783e-01 -1.178616629599860133e+00 7.589958208274957263e-01 5.529800124656082394e-01 5.370345476746548607e-01
7.015071289399193999e-01 -4.987028795726128338e-01 -1.696171997070299753e+00 -6.258284814279614361e-01 -5.355837099046728556e-01
6.593571594968434813e-01 -3.136428668955432153e-01 1.217696973455748788e+00 -1.087465512824617786e+00 -5.153894243020774868e-02
8.016905514723288162e-01 -9.687362481878595277e-01 1.149337833027018529e+00 -4.367955424253650576e-01 5.572790849717166317e-01
-1.416158739761499419e+00 1.410621543944976519e+00 4.247548702403028398e-01 7.822275045934898863e-01 4.471131897130048438e-01
1.848359132331979238e-01 7.246238244741421974e-01 2.191634136593477944e+00 3.952924227156009301e-02 5.885300155432839908e-01
-8.097393917732764734e-02 -5.245481819516922828e-01 1.838265848353862530e+00 -8.360715250252173103e-01 -1.359157886090095024e+00
-1.737049554446876032e+00 -1.190455732292971858e+00 -2.911131476955788333e-01 -4.206063528726664558e-01 1.777353775521014478e+00
-1.586865202736432279e+00 7.886870840885564782e-01 1.372247742563603712e-01 -7.851805252269039581e-01 -1.506570210619323280e+00
-2.330164573599614042e-01 2.941886439334481795e-01 -8.010068495784444798e-01 -1.240693282327165026e+00 1.112386577875710686e-01
5.679660232045155022e-01 -5.504558558562480108e-01 -1.193732451852267396e+00 -1.892100017900748776e+00 5.680582929035041806e-01
1.153618031582491543e+00 -5.547328058313598653e-01 -1.236007614269524352e-01 -1.360977060101773439e-01 -1.705542406380602838e+00
2.463919763639626781e-01 -6.060656208607514972e-02 -5.779349389679403794e-03 -7.000236574996331063e-02 1.305683517969612240e+00
-1.232532666429142498e+00 1.691839637528265827e+00 5.312877871664040130e-01 3.519688395007234960e-01 2.172092101664830022e+00
-2.194198157621613798e-01 -2.402843828626114731e-01 -2.284196162991293799e-01 6.577883804734808715e-01 2.437209760575236028e-02
9.106198851208020528e-01 -2.079486133699196326e+00 1.017787355595874743e+00 4.266745595208639719e-01 -2.059079864867499499e+00
1.322219320170308521e+00 1.815055173802478383e-01 -2.439409243564223839e+00 -3.474123078749515314e-01 -9.069853783831069993e-01
6.955885083559629201e-02 -4.860402119253718900e-01 5.244890318288357722e-01 4.730707389662916484e-01 1.762343119538332559e+00
-1.313019074824083587e-01 -7.509349820524424679e-01 1.277651785368079995e+00 7.487615523702519926e-01 2.657273049114175389e+00
9.534795601090059192e-01 7.978639386622781160e-01 -1.701406649006525496e-01 2.286783711931427987e-01 -8.701025897906521367e-01
9.339975357391936718e-04 -1.891359147015187370e+00 4.536544593163792105e-01 -3.723362159215337641e-01 2.312607063973800836e-01
8.765829451394873129e-01 -2.823928335528465977e-02 -1.037402444733803497e+00 1.349530629768003864e+00 -8.798107301548958592e-01
-6.926733848356946277e-01 1.493980525626285694e+00 -6.550534085395723904e-01 2.498712090725199453e-01 -1.204251501398843294e+00
-2.814901286144251835e-01 -2.986505074030567641e-01 9.713628841047075024e-01 1.165934145263978650e+00 -1.845057212322888107e-01
2.928569206424722071e-01 -1.067149250049791026e-01 -4.934600210686959643e-01 7.856812957685703758e-01 -5.543451306135317447e-01
2.243302031804166596e-01 1.236182328854284584e+00 1.434970336479840514e-01 -2.194766455975973862e+00 -7.532163043354443976e-01
9.653596689691220645e-01 -7.002084788825495565e-01 -1.555075449203109916e-01 4.636141668728374632e-02 -1.427675412035500857e+00
1.380944121989346740e-01 5.125414846423139714e-01 -1.201119874864424286e+00 -5.964149899072056504e-01 5.951352832409404492e-01
-1.651817035395099165e+00 4.865783488274911250e-01 1.697271698382945004e+00 1.072500847283753167e+00 -9.458972264573235478e-01
8.165836317712996117e-02 -7.920936567177569443e-02 9.396829975542771163e-02 3.995066830779557820e-01 1.549311260467852280e+00
8.610516617464636369e-01 1.271061719416106406e-01 -8.113466541884376548e-01 2.418205350369780626e-01 -6.867428106679542843e-01
-1.592708407353460587e-01 -1.377173467630101511e+00 1.159311547322123825e+00 -4.573624579054118011e-01 4.129325854402055018e-02
1.000471019662410921e+00 -5.866018873186218396e-01 -6.917225365238391932e-01 -1.560804143558695012e-01 -2.120338693457277449e-02
1.391619729156342300e-01 -1.308171117853187182e+00 1.847414019823390596e+00 -2.298999430315641912e-01 6.889461825173528453e-01
1.693080978911503665e-01 -9.317142769363884192e-01 -9.543631612511206397e-01 -6.126065242494670438e-01 3.264756832826087307e-01
1.039311057855387688e-01 -4.489805293983243351e-01 1.155266384715309069e+00 1.370400142230112195e+00 -1.922386112826495408e+00
-3.103042253300736242e-01 8.130363779939603353e-01 -7.362970898953761223e-01 -7.823243190080751974e-01 3.170981661632434889e-01
1.553497798151429465e-01 5.474259983284915920e-01 1.437603112168865105e-01 1.302209792157288382e-01 2.271719514800614736e-01
1.847595858037139216e+00 9.745475457708668854e-02 7.967066359129502118e-01 -5.887080766456406211e-01 -1.112178927636958470e+00
1.118012180310032688e+00 -3.693193599904058821e-01 -6.483833712790524340e-01 1.860720268114088305e-01 4.471004768002855012e-02
5.086227359478507903e-01 1.592425707334719887e+00 -4.144268141099413660e-02 1.375941579258049385e+00 1.355604128529217745e+00
