-8.612155533986415312e-01 -5.095951329463573876e-01 1.098581648231146568e+00 -1.270671628385169338e-01 8.134522451141070754e-01 4.732905949147994673e-01 7.538656835623007701e-01 -8.881882110855132684e-01 -2.215743982040006832e-01 4.242526181008702268e-01 -8.490728726936603854e-01 1.629500043232328554e+00 -7.772280421551344132e-01 -3.000035769377952244e-01 -1.006559064794237512e+00 -2.143308065238688442e+00 1.796918522574928012e+00 -2.043389369030472469e-01 -4.479148384155402507e-01 -1.987150616707986650e-01
-4.173264126201667486e-04 3.741550859708025478e-01 4.095517782376913440e-01 -7.995934996704900932e-01 1.511639349884318362e+00 1.706468247260988891e+00 7.017833721170290140e-01 7.328543200764546517e-02 -4.618938153542846425e-01 -6.264902231490875328e-01 1.710836582546655604e+00 1.414415042729023630e+00 -6.366148878954942802e-02 -1.579930529671123685e+00 -2.832011869908987123e+00 -1.083426660264279695e+00 -1.306203959951194038e-01 1.400689034443001413e+00 -6.516562090577807664e-01 5.048154563405017337e-01
-1.216076580745860891e+00 1.406719033079609216e-01 -7.436721747008731009e-01 -1.590122515543593296e-01 2.400569292967187074e-01 1.001594080906234863e-01 -4.751751058292484897e-01 1.272953748919910755e+00 -1.696131266831543138e+00 7.301835311296144271e-01 -1.857483271594537966e+00 3.825981367234628783e-01 -8.869043262838756103e-01 8.783037577325304435e-01 8.645252400759345646e-02 2.477063784668243063e-01 -1.018279325566851412e+00 -6.545701349975838745e-01 2.072173934109533544e-01 5.835699269093039820e-01
-1.114561184184125094e-02 1.149889987006237450e-02 -8.376780419079452589e-01 -5.911831037644297293e-01 -6.677202863593993953e-01 3.269625954044573790e-01 3.300351145103116446e-01 2.225944331738258786e+00 1.370989006291121415e+00 -5.098432421384790914e-01 3.248696157961860620e-01 9.971179807917595062e-01 3.060182433851780723e-02 -6.964157844693558141e-02 5.157494276988904003e-02 8.672766288084278186e-01 -8.483205228052325131e-01 -3.256694688201741683e-01 4.704331448464818544e-01 3.114470715541555190e-01
4.727896560219311262e-01 -5.270916102240418288e-01 -5.362701440867850833e-01 1.209837222184097616e+00 -1.126589425871997507e+00 -9.538044202725639575e-01 -1.164448453870464473e+00 -1.278513840520686173e+00 -1.044816319379856973e+00 7.899049417854930866e-01 1.102282564588024316e+00 -6.970730723601831214e-01 2.073340460456898626e-01 7.591566751082341469e-01 1.005642030971629630e-01 -9.549427576172389021e-01 -1.470401735138081367e+00 1.010427553125508693e+00 4.961794122883804725e-01 5.769558933986538296e-01
2.134800489101688903e-01 -1.208573653733221231e+00 -2.420198298702194994e-01 1.518261170355705403e+00 -3.846454231425177617e-01 -4.438360931551977862e-01 1.078197303714237831e+00 -2.559184666344096470e+00 1.181378601288285868e+00 -6.319037580051672931e-01 1.639285724525866295e-01 9.632135592119682455e-02 9.424681192203937519e-01 -2.675947462353476802e-01 -6.780257815644503694e-01 1.297845790651098730e+00 -2.364173817141180134e+00 2.033418170524324900e-02 -1.347925422629120407e+00 -7.615733882565589585e-01
9.172215421158560478e-01 -5.704286766218814864e-02 8.767267736904523767e-01 -1.826911378304517664e+00 -4.031883068495333289e-01 9.494055237932187419e-01 -1.632549488331787313e-01 -8.645528271104713225e-02 -4.304619118857929694e-01 1.149379383367123975e+00 2.975143539549459093e-01 4.402227617534797133e-02 6.430545453392927380e-01 5.882249291179366679e-01 2.125870464375365920e-01 1.547031496990844524e+00 -6.028753363911903973e-02 2.780810479679439728e-01 -6.429525533528904768e-01 1.501152270061291982e-01
-6.009569793824570683e-01 7.064716137023735465e-01 2.043185906161155696e-01 -1.920705598929929980e+00 -1.228094832615538978e+00 1.511865305196296916e+00 3.222050829752718948e-01 -1.374794388508579601e+00 8.199531080617847856e-01 1.061434959762639130e+00 -4.350340294596920510e-01 6.576820963867856529e-01 -3.740100637951778939e+00 9.735767951881575399e-01 1.175155391919875170e+00 -1.124702714763733180e+00 2.820853995153044802e-01 -3.381205430474388818e-01 -1.025294807708273248e-01 -4.248804445350681802e-01
2.739575771740402899e-01 -1.326378492508161422e+00 1.138973810666265241e+00 9.828412198173899217e-01 -7.669630350233282989e-01 1.176060276453796405e+00 -2.509223967811600731e-01 -1.776205024010031552e+00 -1.632694766150892596e+00 7.337234878550057404e-01 -1.040488106689792663e-01 8.812249464539313459e-01 -8.837312473241329402e-02 2.676708933607785945e-01 2.123526422980173578e+00 1.396849087631400810e+00 -4.328272686104104872e-01 3.749687247031264770e-01 4.944454430617894469e-01 7.613911674961069131e-01
6.006052017330760773e-01 -1.325026793402665944e-02 1.743730487015256181e-01 -2.193683351694660111e+00 -1.771373833153235544e-01 -8.907291830614958439e-01 -9.206263730168693371e-01 9.219348042245775199e-01 -1.095671228972512345e+00 -1.092896606326030140e+00 -3.310106034017458732e-01 4.502888306473442070e-01 -8.840147297480861477e-01 1.234144035780061488e+00 1.449847525361218858e+00 -8.814470664684638246e-01 -2.450817555768555756e-01 -7.786754726576129437e-01 -1.685382104871227193e+00 3.030110504561573936e-01
-1.320525346828032243e+00 4.990842756717665529e-01 3.062033963037085194e-01 3.636978927133631134e-01 3.126339630139859938e-01 -1.934638827903477354e-01 1.241299220315990937e+00 -1.558979857657035728e-01 -7.391692003908286734e-01 -5.872619336893859093e-02 -9.505179454445302767e-01 -4.639964233308440100e-01 -1.772466161893988812e-01 -3.795541206458599159e-01 1.993970728054857422e-01 1.945761391306326749e+00 5.709498398461204660e-01 1.072300647288091380e+00 -5.037094373682365900e-01 -5.870162885051485313e-01
-1.273233175831116393e+00 1.531768421535040448e+00 -3.577222473716004658e-02 7.908615021587521721e-01 6.462177748951761780e-01 -1.315709112619280474e-01 -1.753663550974679519e-01 1.221583141275982998e+00 1.026497404582588757e+00 -1.772231119980422376e+00 -1.692405737056457804e+00 -9.462206203561587259e-01 -8.935453982997022537e-01 -1.118525872587230907e+00 2.721106432622880100e-01 -4.637044471339729079e-01 1.206124621762170168e+00 1.452877765517057052e+00 -2.868323749759308511e-02 1.683457948672893112e+00
-5.986539369229860741e-01 -1.115896985960394439e+00 7.666631816450860670e-01 3.562928174722889141e-01 -1.768538450677030749e+00 3.554817927437690650e-01 8.145198224878663629e-01 5.892558918162996151e-02 -1.850536710093415305e-01 -8.076484876163556592e-01 -1.446534699563387871e+00 8.002979493400275146e-01 -3.091144447717087962e-01 -2.334666615436927217e-01 1.732721186919133238e+00 6.845011068591904113e-01 3.708250012811020735e-01 1.420618051872356569e-01 1.519994860765772726e+00 1.719589307416194535e+00
-1.895456682565756501e-01 4.280281070213673988e-01 5.569683168406291962e-01 -1.736241804300151070e+00 -3.767841091075349036e-01 -9.090323262520911829e-01 -1.451702441932180843e-01 -5.363325211989140584e-01 1.570694628578082341e-01 -9.804592455621558011e-01 -5.677672415201869827e-01 -5.911596689223530543e-01 1.082591370470893377e+00 3.680036592805429607e-01 3.688887075856657760e-01 -2.863182808100256938e-01 -3.847178520935539692e-01 5.610028884976373531e-01 7.774339337937848926e-01 1.514678562884082258e-02
4.516585593883100380e-02 1.859346333851628286e+00 -1.626321937826830100e+00 -1.348224510943540622e-01 -5.840935467949193161e-01 3.351056201959988767e-01 -2.437564359199356101e+00 1.114924559490279909e+00 1.374848733553365662e-02 -1.844701163628046148e+00 -3.611131347398661151e-01 6.089623416545242307e-01 -1.591447875458031458e+00 3.222216443155699172e-03 -1.057473647801530081e+00 -5.559850318789673063e-01 2.673838267463693116e-02 1.834502535815762947e-01 -4.707424981827272314e-01 2.727963895302641384e-01
3.827324300122681433e-01 -3.424228053195386978e-02 1.096346845665798542e+00 -2.342158013445365394e-01 -3.474506524985632727e-01 -5.812684768603252339e-01 -1.632634526234495231e+00 -1.567767724308454014e+00 -1.179157930637687812e+00 1.301428071664760822e+00 8.952602728899299311e-01 1.374964066392989848e+00 -1.332211654594501749e+00 -1.968624689786020232e+00 -6.600563201340828856e-01 1.758189532960280077e-01 4.986902749098274801e-01 1.047972155968052821e+00 2.842796708072146128e-01 1.742668780655631133e+00
-1.877312818056096955e+00 1.088335209809507598e+00 -8.154851334052744261e-02 -5.530619110683828721e-01 1.222964761920838805e+00 -3.313086360295017796e-01 5.999867431623417957e-01 -7.683833192976774473e-01 -8.361301268279877075e-01 1.810581760583611199e+00 -7.870327372626857443e-01 -5.847709364174683566e-01 -1.708320791867683042e+00 1.629982244007823100e+00 3.979983232950983774e-01 2.377796334525968946e-01 9.751384105786283785e-01 -1.329336569334267137e+00 -5.410467819196708161e-01 -9.143773124951071196e-02
-6.724604477759510424e-01 -3.595531615405412884e-01 -8.131462820444540496e-01 -1.726282602331676852e+00 1.774261422537528332e-01 -4.017809362082618851e-01 -1.630198346966044598e+00 4.627822555257741777e-01 -9.072983643832421841e-01 5.194539579613895175e-02 7.290905621775368717e-01 1.289829107574106681e-01 1.139400684543300679e+00 -1.234825820353652626e+00 4.023416411775490031e-01 -6.848100909403131986e-01 -8.707971491818817800e-01 -5.788496647644154613e-01 -3.115525321273726611e-01 5.616534222974543800e-02
-2.680097833981119337e-01 -4.966082097295170250e-01 1.336386182322793603e+00 -1.200411220961080244e-01 4.614688774411399019e-01 -4.648115603289031811e-02 -4.335543327331675689e-01 3.799601345351499848e-02 1.714051469770731861e+00 -7.679485917368150671e-01 7.669904505595511734e-01 -1.026007251625781880e+00 -4.596264422694389395e-01 3.583205954583646834e-03 3.263750897269906970e-01 1.483128627973814062e+00 -5.008264146453541427e-02 -8.436156065359264877e-01 6.500419730507697169e-01 -3.641698089157559548e-01
1.593273615950026700e+00 5.687223991204718443e-01 -1.144870455892008226e-01 2.516302488198905452e-01 -1.210855637943589969e+00 -3.937337116943893101e-01 8.525257457038692976e-02 9.942198670854182629e-02 -1.530616244398616876e+00 3.276231792347814031e-01 2.791964925142102483e-01 -3.770512062727784941e-01 4.174999082500307351e-03 -1.483491553368001314e+00 -1.479795615324348335e+00 1.346872623382376066e-01 -6.677231909161640555e-01 -1.155552022430136362e-02 8.394906723176046581e-01 -1.739299303051558276e-01
2.011256681463136964e+00 -4.459542645585702625e-02 1.950696971513811717e-01 -1.781562855705591364e+00 -7.290446587946957102e-01 1.965574007287849145e-01 3.547576931132180866e-01 6.168865543932787743e-01 8.627898917576322380e-03 5.270042084546596728e-01 4.537819126356840149e-01 -1.829740411004531442e+00 3.700572191014953050e-02 7.679024077327036846e-01 5.898798207345194999e-01 -3.638588099707898982e-01 -8.056265075393678199e-01 -1.118311924321632178e+00 -1.310540115414123297e-01 1.133079879559721892e+00
-7.408667042040726347e-01 -6.082911500814950356e-01 -6.407257241901990197e-01 -1.134311593722227451e+00 7.772769637679554089e-01 -2.910414632730257689e-01 5.541275783267697319e-01 -6.701258977272964712e-01 -6.036249439233865033e-02 -7.110405967911112013e-01 7.196681705373316751e-01 -2.484193067050382286e-01 -7.308735859513858513e-01 -1.641703228809784143e+00 2.756665493407743917e-01 -7.083850523381071129e-01 -1.577921712099517385e-02 -4.917301080135276226e-01 9.541895808987649330e-01 5.441447523580079659e-01
7.303517903770193609e-01 1.104578473571476538e+00 -1.014825907734441035e+00 -6.023318535828621201e-01 9.214083978105812589e-01 4.608144771488305036e-01 9.237965603139468573e-01 -1.325680146537180359e-01 -2.890052109542329828e-01 -1.998639475583372738e+00 -1.146000426507443271e+00 4.706609465849369289e-02 8.245572195642364433e-01 5.311783665356952788e-01 -1.282419740277020159e-01 -2.717715664906966699e-01 2.171796326382801345e-01 7.821118109215217939e-02 1.404545514939711914e+00 1.464407704782498543e-01
-1.532921053430127856e+00 -1.711970164094221314e+00 4.613505895568492665e-02 -9.583744802265614648e-01 -8.081161294374096526e-02 -7.038590359904466354e-01 -7.707843007065652285e-01 -4.808453408727291212e-01 7.035855546433883445e-01 9.291451477686910598e-01 3.711725526490392002e-01 -9.898225495471192348e-01 6.436312754533384251e-01 6.888966666079322509e-01 2.746472036124445459e-01 -6.036204360190906559e-01 7.088595753671402822e-01 4.228185746766614517e-01 -3.116856591599125981e+00 6.444520334110422910e-01
-4.292092966464773340e-01 1.375225420446897218e+00 -5.541312470844856897e-01 1.499491490138763039e+00 1.058346436167786758e-01 -8.605097471096080364e-01 -1.631219507653532963e+00 -3.014723148616931803e-01 -2.562326979954389072e-01 8.576619101224520758e-01 -1.105905028082072861e-01 -4.324319785784446757e-01 1.077037472947536489e+00 -2.248265612701514649e-01 -5.762418162269031807e-01 5.746089172925727961e-01 -4.898282188472668497e-01 6.588021416915129658e-01 -5.969171117831943985e-01 -2.229591829703794215e-01
-1.048552965067092613e+00 -1.420017937178975176e+00 -1.706270190625012617e+00 1.950775395231789666e+00 -5.096521817516534991e-01 -4.380743016111863786e-01 -1.252795360049926199e+00 7.774903558319100627e-01 -1.613897847557951515e+00 -2.127402802139687077e-01 -8.954665611936756253e-01 3.869024978592620068e-01 -5.108051375688730245e-01 -1.180632184122412109e+00 -2.818222833865486818e-02 4.283318705304176577e-01 6.651722238316788716e-02 3.024718977397813924e-01 -6.343220936809635946e-01 -3.627411659871381255e-01
-1.481245962197298427e+00 -1.272558135032316962e+00 1.518759336963580120e+00 -1.171160461450080348e+00 7.644974530335335583e-01 -2.683727352093812080e-01 -1.697582939024854798e-01 -1.341327827684201113e-01 1.221384959459198338e+00 -1.928418285439646718e-01 -3.331928284515295324e-02 -1.530803497399492619e+00 2.066905117080032883e-01 5.310425069780596585e-01 2.391455806537870210e-01 1.397896261086735370e+00 5.517135478023173917e-02 2.989774561190176039e-01 1.648504010268178943e+00 -1.550014189358147831e+00
8.895135530057614037e-01 1.540932975409157413e+00 -1.465914328507952114e+00 -6.958855493879725906e-02 1.946049502545878607e+00 9.763817445199473033e-01 1.771583373413129492e-01 -1.023173130028950162e+00 1.067204929519576379e-01 -9.118812985440115648e-01 -1.468366956464425943e+00 5.764787030585525329e-01 6.530560533834807446e-02 -7.735128027607114376e-01 3.949481889622477593e-01 -5.038898877881488048e-01 1.779559084207380959e+00 -3.057244436995808917e-02 1.577088212470096007e+00 -8.128021008388902624e-01
-7.891021802566502430e-01 1.248455788486605312e-03 -1.599397877570428173e-01 -8.319574932171247550e-01 -5.981504525164857977e-01 -1.520039285192063661e+00 4.178537032173259558e-01 -4.001872535163292222e-02 -1.259787343405270210e+00 2.862050418778281854e-02 1.342622010510353237e+00 -7.399358529652596550e-01 1.315137665720972349e+00 -3.234574724834238246e-01 1.978281678498678142e-01 9.775080242218528448e-02 1.401523416005245437e+00 1.584338467855317123e-01 -1.141901419203846579e+00 -1.310970370441212340e+00
1.396062195701338826e+00 1.175852296434752864e+00 -1.136164854256717316e+00 5.053006114271710869e-01 -6.620242701618573866e-01 -7.469163370632706522e-01 -4.841661335047560584e-03 1.747668230497698483e+00 1.057957561481885023e+00 6.052213583318578616e-01 -1.150605635754050837e+00 2.554449418751377543e+00 8.737310456606762754e-01 -2.348837419915111635e+00 3.994743352084917931e-01 -4.886947159180834999e-01 4.099823559489672031e-01 4.006403668095265824e-01 -9.185190764701047783e-01 1.825885752307694121e+00
-8.746625219888451985e-01 -6.844015561404261927e-01 -7.112857556104382750e-01 1.127956624933380558e+00 1.048278028272145723e-01 -9.932572174375523533e-01 -3.346216059541220478e-01 -8.795570973113842062e-01 -3.000066590117569931e-01 8.755091531413832229e-01 2.522707806121253782e-01 2.285601181528066572e+00 3.759274257674801722e-01 -9.135945099771070055e-01 8.097407308144474181e-01 1.079931217142535704e+00 1.094166991443943804e+00 -1.094240953035091390e+00 -1.476374145148375006e-01 1.131811956828452592e+00
2.098494779230553053e-01 -1.240624599556227503e+00 2.224631640086067730e-01 -8.837552319915496779e-02 9.837790681547566030e-02 3.814162542091708574e-01 6.749225724080680500e-02 1.633808411289249321e-02 2.843145189979445209e-01 4.154006261711268300e-01 -1.031482460315257699e+00 -1.429991258685448408e+00 -6.163805217221475508e-02 -1.432735489934108042e+00 8.753147092167086474e-02 9.387468756823100779e-01 6.071116719160458697e-01 -1.048170406825473133e+00 -8.602624519575188256e-01 3.283012950007553887e-01
-4.147876623571257748e-01 1.756478643030221498e+00 6.480404345553452128e-01 -3.820381211659720777e-01 -4.705797131134822342e-01 1.869706082132836789e-01 -1.055531288642182597e+00 5.956119532945485240e-01 -1.375301949945475499e+00 6.230101959607395878e-01 -1.645947319804127729e-01 4.146135180912648988e-01 -1.012585925337963877e+00 2.449852070881173016e-01 2.412347741512653965e+00 -4.572167524606646771e-01 3.173998603290243969e-01 1.505566949757308537e+00 7.617041448601342690e-01 4.318854841446306270e-01
1.761266127419863103e+00 7.540956636562426985e-01 -6.250273906846712801e-01 -3.903926939855080769e-01 1.125575309064542895e-01 -6.555450294843581105e-01 6.751685717432485967e-02 7.776041379029120515e-01 -3.574273354817348453e-02 3.360157426619921339e-01 8.864915393596158877e-01 -2.721317560182082151e-01 2.847905991343631649e-01 -3.093775928833613631e-01 -2.852886983441639893e-02 -3.247302650829599902e-01 -5.288698535561152658e-01 1.737118529870234351e-01 5.665453158182124360e-01 1.463044460010442527e-01
8.179776072548057275e-01 -2.789142751032397949e-01 1.431567757449290879e+00 1.462214170780419487e+00 -4.287020655858288509e-01 -6.378405564735842859e-01 -1.664172985166173513e+00 -1.265693316393898538e-01 -3.634377801160513788e-01 7.790512201329915509e-01 -1.509661606068298800e+00 -2.773913917431098386e-01 9.687443931111453521e-01 -7.303570955579599122e-01 -7.623615367276093124e-01 -1.446940334755808522e+00 2.620573846018239283e+00 -7.474731780653793844e-01 -1.300346832218339133e+00 -8.038504040315199717e-01
1.154184030494019186e+00 1.725044164928659085e-01 2.106202134206362417e-02 9.945445703071174870e-02 2.273927751211284598e-01 -1.016738648609768925e+00 -1.147753247707981733e-01 3.087512418366131217e-01 -1.370759982543060529e+00 8.656529228158532652e-01 1.081376034458189750e+00 -6.313759884493888030e-01 -2.413377914531045498e-01 -8.781903428100731324e-01 6.993804835878171255e-01 -1.061222287445909185e+00 -2.224770102429202978e-01 -8.589199078076715788e-01 5.095427701128949632e-02 -1.794229271489721000e+00
-1.104616597526470789e+00 -3.093625727395893713e-02 1.578865194416488205e+00 -7.955005500532910112e-01 -5.664398537322192784e-01 -3.076912773670017476e-01 2.690240731762466586e-01 5.249178636458826652e-01 1.267411654818656697e+00 4.994982334686594583e-01 -6.205312579833403147e-02 1.259167129610813785e+00 7.041110221415821657e-01 -1.495679516257016228e+00 2.526368240355998385e+00 1.769921388196733725e+00 -1.682142227670740953e-01 3.779101017384750572e-01 1.324358749995839135e+00 -1.722007926968826264e-01
1.712724930895693998e+00 -6.872970225507311071e-01 7.078721586931350229e-01 -2.191123614552556442e-02 -5.872185640245209948e-01 -6.428512989625677632e-01 -5.863469109202340546e-01 -4.468710650532968787e-01 -1.018885599355909166e+00 6.974097032117700934e-01 -7.035153156202220703e-01 -6.150208487004943381e-01 4.886905912082333270e-01 -1.079619431336483609e-01 -1.421903635278912059e+00 -9.360094985442665161e-01 -1.965572444209934266e-01 -5.749878373674678356e-01 7.504825372530398164e-01 -7.644020289908125543e-01
5.559626797097979578e-01 8.924738873315303245e-01 -4.223148241252707158e-01 1.047140294332843252e-01 2.280533251240672021e-01 2.014799467044328662e-01 5.407735853003902138e-01 -1.818077630383569510e+00 -4.932407014757259067e-02 2.390336012467648985e-01 -1.000330348953705428e+00 1.673985707010710033e+00 1.615592672381679640e-01 1.563404745028929455e+00 -7.905230218330772107e-01 -9.073001215253270191e-01 2.242522209656818977e-01 -1.678688362828656633e+00 2.149655906260935223e-01 9.721923200291802958e-02
3.388541621827366179e-01 7.780035433679286516e-01 6.797094410202996206e-01 -3.858315001115014686e-01 -1.463345060833500355e+00 -4.298055100406508733e-01 6.295935526390483705e-02 -8.716452127708096409e-01 3.619607107010485159e-01 -2.927120959421424806e-01 6.218215275108924800e-01 -8.032394761848250520e-01 -9.219676593093837358e-01 1.774056337703937114e+00 2.875623771368625986e-02 5.529638493955362222e-01 -1.098422252892152784e+00 -3.772644554821259488e-01 6.821694828076149131e-01 1.565615859646084740e+00
1.489355962074480288e+00 5.213037482757136853e-01 6.119271927311578096e-01 -1.341496725583042560e+00 4.768983689222224265e-01 1.484495813800780772e-01 5.290452383344316223e-01 4.226286217088256469e-01 -1.359780725503813681e+00 -4.140081155796743184e-02 -7.578708604251660486e-01 -5.008409428482209214e-02 -8.974009269018304868e-01 1.312470367140996297e+00 -8.589723884443423163e-01 -8.989421564655359909e-01 7.458640654355352950e-02 -1.077099069403994802e+00 -4.246633024328657080e-01 -8.299645975379619234e-01
1.658635226535373208e-01 1.329141282745553321e+00 -4.834462377981961489e-02 -6.081012569516899280e-01 4.038960208359738124e-01 1.936712462402552015e+00 -1.451905529431747333e+00 3.822027877852935962e-01 2.050866252318538085e-01 1.161533803559117173e+00 9.909091736848452125e-01 -1.867091118097792268e-01 -1.684517255424882842e+00 8.065637678962596091e-01 -8.351926901914831225e-01 -9.467404109571895265e-01 1.148350580691126277e+00 -9.108503776386525086e-01 1.402844740100243293e+00 3.358447214053130181e-01
1.474344016509719080e-01 -9.774648772458691681e-01 8.793899419133700546e-01 6.354245265539955057e-01 5.426107834987963230e-01 7.159388934369916857e-01 -2.994612860227618967e+00 8.809375610809715429e-01 1.808131810578975429e+00 4.366384746292930052e-01 1.927289964997268290e-01 6.964386733914392780e-01 3.382254736851152965e-01 6.517812617006160103e-01 1.471000245410806345e-03 -7.667048545369002932e-01 -1.004322712214613444e+00 -9.981917282318640838e-01 -1.373042550950895224e+00 -1.067742011019106485e+00
-3.781780468929897276e-01 8.528890972688772942e-01 -2.148118478230897743e+00 -1.033164775291367299e+00 1.023358468342198818e-01 -2.240923670629287046e-01 1.967729682143045888e+00 4.476832157426563485e-01 -6.621914435304807611e-01 -1.577607068539347290e+00 -3.405600349378622993e-01 -1.303220082678414604e+00 4.667506504184351646e-01 1.611063222416784513e-01 3.200319320927312861e-01 2.079176664795037155e+00 -9.074659814202976627e-01 -1.924042077959067509e-01 -1.212515744488908975e+00 -8.059851615012544879e-02
5.267817052573492420e-01 1.010608443574718268e-01 -3.886429734726364882e-01 -6.467920155914018698e-01 -1.790824051938029460e-01 -1.551441138236310691e+00 1.610458978298243915e+00 5.642106403948173865e-01 -1.024370342132837064e-01 -6.198047748273388668e-01 -7.033962015774306020e-02 7.977949422628427545e-01 1.011447891218946626e+00 -9.036909300657424149e-01 -9.735287601736554164e-01 2.078229962808275211e+00 1.136592857715686078e+00 7.085199408280056232e-01 -1.386462437173697493e-01 9.240203382627826256e-01
-2.985612163636626459e-02 -1.181707843665917995e-01 -1.426877120734650339e-01 -1.227636420410407991e+00 3.812738409493465069e-02 5.127175234723987396e-01 6.859922748066052400e-02 -2.722761011450806068e-01 -4.897250223730267304e-01 -2.792966692783721561e-01 1.257744217496038264e+00 -2.086634979420542546e+00 4.007145654777545529e-02 -3.277549172964167590e-01 1.455807951836843417e+00 5.549222544380277150e-02 1.484925598699954108e+00 -2.123890018045559103e+00 4.595849048340561738e-01 2.800578600376801286e-01
4.307711349456414540e-01 -1.498915917331393177e-01 -1.006036857920391547e+00 -8.215498256031326108e-01 -1.548254322849042408e+00 5.319746390071913300e-01 1.260568845042149277e+00 -1.003935034013660188e-01 -4.003488150134233980e-01 -1.472322928466489600e+00 9.132019242521776103e-01 2.211304333239493047e+00 -1.797455804366897558e+00 -1.063432938154606822e+00 -6.795930425441440992e-01 -5.643179096824889607e-01 2.273459501434809960e-01 1.614249547280227404e+00 1.008597286860103637e+00 5.275973827743158928e-01
6.343866731890511756e-01 1.629275769958861586e+00 1.390641503046825544e-01 -8.576702045753996639e-01 -1.249338514861542349e+00 -7.097851001194992460e-01 7.046427207498909828e-01 1.555907349688974983e-01 9.367952162539888716e-01 7.703308793272120036e-01 1.408106518782359096e-01 4.734882616664621846e-01 1.855246209420479131e+00 1.415656226174680121e+00 -3.027460169042532345e-01 9.896794419358903028e-01 5.858508058179355826e-01 1.136388077539739472e+00 6.716165720359097424e-01 -9.741674350429900819e-01
1.326461642365693416e+00 -9.646064242062639682e-01 5.989468311627604846e-02 -2.125230447703091996e-01 -7.621145119224981279e-01 -8.877801366359353574e-01 9.363985435524595502e-01 -5.256405931019396682e-01 2.711701846373109070e-01 -8.014968853943748028e-01 -6.471814318477606687e-01 4.722471500878487327e-01 9.304084961111163121e-01 -1.753164023270199490e-01 -1.421919871640436872e+00 1.997956079750004665e+00 -8.565493082342094944e-01 -1.541587399671787484e+00 2.594424587768151991e+00 -4.040322938509371409e-01
2.395827598563913252e-01 -3.698011663038032193e-01 9.725357891425369106e-01 2.133868247204537383e+00 4.064154936762062187e-01 -1.931767015498399021e-01 7.557402888945425889e-01 -5.391326367529899466e-01 -7.496903447028966383e-01 3.280874761371180282e-02 -2.582796632969944550e+00 -1.153950363652009425e+00 -3.479618559208458306e-01 -1.353388858147713369e+00 -1.032643101892129600e+00 -4.367483374580073963e-01 -1.642965293530609161e+00 -4.060717962598319186e-01 -5.352701645328444835e-01 2.540520838501601764e-02
-4.693107362791067438e-01 8.756956787795067143e-01 -1.365162877225168714e+00 1.947098642820357828e+00 -4.802420417382233242e-01 -5.232509433848950842e-01 1.021224743167163052e+00 7.086952731104265713e-01 2.451229719075076030e+00 -2.112059836315199890e-01 -1.204066386644097320e-01 -1.479315979963253591e+00 -3.321022773488251367e-01 -7.214312955717557818e-01 -4.487670131054991574e-01 -1.744187756553955193e+00 1.660607559894514029e+00 -1.416603482425640603e+00 -2.802202798391713046e+00 -1.188424421583019308e+00
-7.410555334041294406e-01 6.000906695712364403e-02 1.140488424187090288e+00 1.728246754403531538e-01 -4.150016711096239930e-01 -8.531286248616412049e-01 -1.430135207423931964e+00 1.332805335357487797e+00 -1.776691018929249299e+00 -9.347830262310604654e-01 -2.313201933697067059e+00 -3.161415757497161860e-01 -3.422845597605816415e-01 -4.042944206294937226e-01 -6.312989997640251760e-02 -8.212650744177590889e-01 -9.136556404887338223e-01 1.817826413261075968e+00 -3.340629483633708596e-01 9.076586249467651912e-01
-1.242606938452289533e+00 -2.769845883360258845e-02 1.750674588374432350e-01 -2.118450634640296038e+00 -3.091685143814800196e-01 -3.684154413875955769e-01 -3.687635362055504684e-01 -6.302257476306047934e-01 -1.343192543088439717e+00 7.580380514217575083e-01 -5.838408439896756175e-01 -1.023701452400854528e+00 -7.599342678179074051e-01 -4.723232397469545596e-01 1.086471247130268991e-01 6.683389863604883852e-01 -9.531794980150709584e-01 -4.792973975544329579e-01 -1.345507728019974536e+00 -3.392299993422375870e+00
-9.671270710432114948e-01 -1.010546208778624999e+00 4.066572469576391069e-01 4.834717260857331889e-01 -1.672444587570880659e+00 6.220751965181025023e-01 8.609732704959465188e-01 -1.690997761809049038e+00 -6.904314293609604691e-01 1.428892424357975921e+00 1.006101706025249287e+00 2.479265925104203946e-02 5.012493962894317701e-01 2.112019623620074338e+00 5.027969734526218648e-01 -1.220808861418892111e+00 1.364938999600826541e+00 -8.709388906246183781e-01 9.939022358478346586e-01 6.562706609568887961e-01
-8.732818705761502542e-02 -5.539647407905778920e-01 -3.006498715007326350e+00 -4.716586765324164154e-02 8.318777850596784651e-01 6.861198539497955634e-03 1.124221734446760657e+00 2.294881166255391403e+00 -1.733502083771994995e-01 1.231253559593308289e+00 -1.585852575180024315e+00 1.031319104356625882e+00 6.349048038676929906e-02 -2.213904983470640353e-01 -1.633989200064895897e-01 -1.563034683386426427e-01 -3.088029093452498985e-01 1.986729701496648404e-01 -1.742921340664020935e-01 -1.155792478963202807e+00
2.929096241763861297e+00 2.228583231034867163e-01 9.760375253689257402e-01 -1.556933932509260599e+00 -1.329891861334062897e+00 -3.554947746084520244e-01 -1.197427695638566325e+00 1.486399253466384573e+00 -4.102186927803287420e-01 1.382181888393138491e+00 1.486782474085630801e+00 4.277971988356689403e-02 5.017997538076389707e-01 -5.609947334090290005e-02 5.384370003545386751e-01 4.833418517805717629e-01 -1.236496258920307123e-01 5.049699814628403338e-01 1.723696275667261801e+00 7.130162297109376990e-01
-2.789816053030302889e-01 5.298337834749576869e-01 -7.393953025101953624e-01 -3.759599659712591357e-01 -2.372193871513015306e+00 -1.381745009494985243e+00 -1.124437560192882157e-01 8.978641732031213962e-01 2.950757833018624043e-01 -1.098768456667299498e+00 -1.400256208127941937e+00 1.746800928981687429e-01 -1.652803642252843597e+00 1.065926818716888880e+00 6.389619165017826341e-02 -1.607320159234058021e+00 -9.659538588418696836e-01 -7.243113192311227966e-01 -7.731925102234387115e-01 -1.489933008221492328e+00
1.252001982753031317e+00 -1.144692631242597569e+00 -9.126701972617591585e-02 -4.015706755129159200e-01 5.620131059141816321e-01 -1.007909803283898009e+00 -6.758916940010165630e-01 -4.132170283518080689e-01 1.532884691324238879e-01 6.941287081378864077e-01 -3.287276927366077905e-01 6.639650755262218595e-01 8.220763567971377528e-01 -2.132152368718210345e-01 -1.245658132865596901e+00 -1.171190335434140417e+00 5.917269751515682463e-01 -4.762244363146694304e-01 -1.712629322682455157e+00 6.129523681830005843e-01
-8.511560251940573918e-02 -5.643010333021604152e-01 9.667680111664601617e-01 5.080679093914777233e-01 -7.554627263656333858e-01 -1.201201519017389252e+00 5.232617386880769050e-01 -5.375833685580618804e-01 9.920486253150243017e-02 1.576298972627717676e+00 5.023282400747796084e-01 -8.622669997532367292e-01 1.606611898197728150e-01 -9.526449528153877466e-01 1.608522155948723720e+00 -5.615787496032208503e-01 2.072707469736186359e-01 3.077325746794319916e-01 1.592504683737024362e-01 -1.958548955136538705e+00
6.620053664519022218e-01 -3.408744105694707649e-01 -1.519974459585867965e+00 -2.165328718498284177e-01 -7.842213825343838929e-01 7.312936208403685301e-01 -3.432350544551032723e-01 7.077407590065136478e-02 -4.054724571406713163e-01 4.339389682302889351e-01 -1.835907634705541969e-01 3.251987146870652934e-01 -2.593388564741710312e+00 9.725087697778614371e-02 4.139136701102331117e-01 -1.992800549145920253e-01 6.693924713925414327e-01 7.386070289928207133e-01 1.304213891849502982e+00 1.048116080722816534e-01
2.467660239799705779e-01 1.525957560884808384e+00 -7.727718829782020959e-01 8.820565993630106183e-01 -1.252593341503319024e+00 -5.863200252111323563e-01 -4.576405942895259704e-01 3.718110814974934786e-01 4.573096467208112581e-01 9.623417448143452013e-01 7.708369604049366552e-01 2.431682154024917275e-01 3.903649435086223862e-01 1.588530691097532532e+00 -5.109261812322630769e-01 7.747283190671621078e-01 -1.808143926498251508e+00 4.113342428976086151e-01 -4.832495424791073968e-01 2.571182431510025176e-03
-8.367710426529882950e-01 1.612728594752086853e+00 1.514182131007797860e+00 2.310186822172761723e-01 -1.099531592969483329e+00 8.700138572766068223e-02 4.730450004105715006e-02 2.396239140894969033e-01 -9.782206161996707117e-01 -1.523000136179294639e+00 1.623630373820346973e-01 -1.029131633371841228e-02 2.075021919366399226e-03 1.026800578850967538e+00 -1.475160483031365599e+00 1.010693715987804886e+00 -7.432275400173179447e-01 -3.952220658500596451e-01 -8.257793632512705484e-01 8.961985783925162374e-02
-1.027626850177936063e-01 -1.823142554229564560e-01 -1.999267591995331994e+00 -1.783711042803361180e-01 -8.424944970914491904e-01 -1.746136531498163058e-01 -2.192441518568729875e-01 -4.464647913329628515e-01 9.388386429111391651e-01 4.470541523241565729e-01 1.127154514471546021e+00 -1.324827369959724388e+00 -6.489559274478151618e-01 -4.028081832228677661e-02 -4.066389699034341221e-01 -7.925772549673786027e-02 -1.182103399308322977e+00 -7.161780572622408192e-01 -1.641553954852012831e+00 -8.900255517732389432e-01
4.968931448384695804e-01 -6.650416181586910058e-01 7.315515818621539657e-01 3.196497831340729956e-01 -4.098545384398195046e-01 -4.533374321385169048e-01 8.927081528737002003e-01 -4.736040569636580932e-01 3.036564735262782810e-01 1.033956986812783585e+00 1.909342625557108653e+00 1.663873124437729611e+00 9.008227642090298470e-01 -1.505911351571387113e+00 -6.890484294179712865e-01 -5.480871874725355974e-01 1.653149832565320887e+00 -6.993179409720908790e-01 3.861663770983691513e-01 1.008670632573117898e-01
3.595043995710101581e-01 -1.445668169337359366e-01 -3.615992807816197918e-01 1.064585136127851772e+00 -9.378802311514516932e-01 4.331079531513436498e-01 -4.059417271884834255e-01 7.243685048699644025e-01 1.385261546722230452e+00 -3.030982534240727055e-01 4.410329072731513644e-01 1.787928657331798454e-01 -7.994223995430965735e-01 2.407875097419384380e-01 2.891205052788121677e-01 4.128708204461746800e-01 -1.983988968200457448e-01 9.419230031014656779e-02 -1.147610944843135306e+00 -3.581140754798567416e-01
-5.914026678081107935e-01 1.124419184510368153e+00 7.553956956633383069e-01 8.674074113549179454e-01 -6.564636749715314634e-01 -2.834554505274702318e+00 2.116791021483675372e+00 -1.610878403449933716e+00 -3.576807186022112894e-02 2.380745351219750283e+00 3.305767562743739951e-01 9.492464735582356594e-01 -1.502396569381712732e+00 -1.777666954733706284e+00 -5.327027919795545019e-01 1.090749734434500073e+00 -3.462494476473099714e-01 -7.946363210714987302e-01 1.979672899449674561e-01 1.081935218477265259e+00
-1.550429345083480959e+00 4.173188210318354852e-01 -9.443684908242938603e-01 2.381031478323121231e-01 -1.405962916267899265e+00 -5.900576458695396820e-01 -1.104894050659278315e-01 -1.660699811869263298e+00 1.151478731400921579e-01 -3.791475628799227393e-01 -1.742356197809230567e+00 -1.303242754112315716e+00 6.051200840821666649e-01 8.955559855513239853e-01 -1.319086397799670574e-01 4.047618120404974928e-01 2.238435633129106928e-01 3.296229821277380512e-01 1.285984007080293035e+00 -1.506998398214272061e+00
-1.165149840783356483e+00 9.008264869541871001e-01 4.656624397304598428e-01 -1.536243686277223741e+00 1.488252193795599698e+00 1.895889176030583156e+00 1.178779571159650708e+00 -1.799248358123509139e-01 -1.070752621510542513e+00 1.054451726931136646e+00 -4.031769469731796285e-01 1.222445070382427446e+00 2.082749780768602954e-01 9.766390364837127525e-01 3.563663971744018832e-01 7.065731681919481533e-01 1.050002072082047849e-02 1.785870493905835188e+00 1.269120927036199165e-01 4.019893634447016528e-01
5.066690260283884806e-01 -6.222254717550558256e-01 -1.522768090504186045e+00 5.569641205788870009e-01 -1.838176739670012161e+00 6.530372834064285259e-01 -1.884490821300682517e-01 -1.175834987938228826e+00 2.872573124667927580e-01 -2.876102659000990668e-03 -3.659729291624690128e-02 -8.422329652739403427e-02 4.195241084261415176e-01 9.244340219585094331e-01 4.966151984838515498e-01 1.012133189822309598e+00 -4.413971884780624327e-02 1.618459324231974472e+00 5.711098221298226418e-01 -5.436940296827768027e-01
2.221266451648408816e-02 5.434534395827254061e-01 1.399884673868593554e-01 -3.440456288496253623e-01 -5.225785415319466054e-01 -3.071317201586840628e-01 -4.490371414469655487e-01 4.909710551819796431e-01 8.655251906712624343e-01 1.274044537947084610e+00 -7.977027599404172831e-01 4.693722253387500598e-01 -1.394679641592675656e+00 3.731747182525781414e-01 1.082672282091064586e+00 -1.495895016669949729e-01 1.072636047258873182e+00 -1.138567870315476682e+00 -8.886452830916367063e-01 -1.358098426436865347e-01
2.421431014072319629e-02 -4.347906467499011995e-01 6.478573929391420738e-02 9.448600019930663008e-01 -1.614460972699897523e+00 -2.085993222244556244e-01 2.974056603168712676e-01 3.630846652385419926e-01 -3.684363433229110307e-01 4.887857426434712438e-01 2.921216179508627220e-01 -5.919081134723939153e-01 2.181598628938774542e+00 4.395502060313076775e-01 -3.311833501738299379e-01 -5.717190334784397754e-01 1.029408918230915848e+00 1.020597910640673595e-01 2.548112697815190231e+00 -4.359241229520885441e-01
3.257996136406255405e-01 1.247695210432124141e-01 -1.012673123768591088e+00 -1.027296877075462467e+00 3.233565314802586133e-01 -1.369391124047157238e+00 -7.663275989635831564e-01 1.281511340364133167e+00 1.914229697062814095e+00 -1.665956076797718399e+00 1.626649562301581975e+00 -2.114382908455566257e-01 -1.500508703136480514e-02 -1.134116306427339627e-01 1.080544127025487189e+00 -1.607676579043177068e+00 4.561636113551333915e-01 -9.448701973880109239e-01 5.707885293815737615e-01 1.542796338293051850e+00
-1.667779892884237336e+00 5.880377487398128489e-01 1.557010041532160161e+00 8.840271974263261834e-01 -2.019540085386721362e+00 -9.842090022728482435e-01 -1.877949219748069054e-01 4.869373049399326470e-01 -1.066526736602251002e-01 -4.932143871104978095e-01 5.953003076922928072e-01 1.164151766224966300e+00 -2.322940071865973455e-01 7.289298673852393495e-01 -2.579050745189474636e+00 -9.375093861087292479e-01 -3.212589370580095083e-01 -4.885662207546257463e-01 3.327982174044547548e-01 1.013750547498260657e+00
4.331187294489333151e-01 -2.101888137967623249e-01 1.320794386127914555e+00 -1.292001251047127486e+00 -5.186786872885924549e-01 -2.833977744562524159e-01 8.165348797737703723e-01 2.385197915235162322e-03 -1.261491746790615043e+00 5.140041798160635000e-01 1.087546315466894509e+00 7.393045331330262426e-01 6.191549216054889060e-01 -1.874313496741068175e+00 -8.998864767434843204e-01 4.820806086722010941e-01 -5.488818475438848876e-02 5.225576019988119603e-01 -1.266342676962954217e+00 -6.149476428488614282e-02
1.015665281542101228e+00 7.010413411650970872e-01 -4.174773498850339881e-01 -1.097496654770244717e+00 1.712305221343296546e+00 -7.921150205651500409e-01 -1.045524557069465788e+00 -1.084856059461445144e+00 1.117305315536664567e+00 -5.189002044248520740e-01 -7.537044661806008294e-01 1.376898259033473293e-01 -2.069447105572910228e-01 -6.780954607862469397e-01 7.539914669784796297e-01 1.065315492097994809e+00 9.853175089398669151e-01 7.669196696611989550e-01 4.026255311300351858e-01 -1.775887999961828889e+00
-3.952289826543543549e-01 -1.159420516399912948e+00 -8.593076697161272648e-02 1.942929380457716626e-01 8.758327615873309213e-01 -1.151074684872267218e-01 4.574156062209908113e-01 -9.646120137337284017e-01 -7.826291558275251248e-01 -1.103892990268877522e-01 -1.054628463985013864e+00 8.202478373246812060e-01 4.631303293186070924e-01 2.790957643924534270e-01 3.389041252159445405e-01 2.021043561484797468e+00 -4.688641879667956314e-01 -2.201441285500557843e+00 1.993001968964651927e-01 -5.060354096166589516e-02
2.320799839280298205e+00 1.170908721554419496e-01 5.342011708457714558e-01 3.178850972381815909e-01 4.348079577311579347e-01 5.400944605248059194e-01 7.324240097548762041e-01 -3.752224007606727030e-01 -2.916419863518445732e-01 -1.741022808358901441e+00 -7.803044065015394271e-01 2.711127964467148765e-01 1.045023375502690532e+00 5.990395263761840727e-01 -3.406923438779304592e-01 -1.263172912085154254e+00 -2.777359145427433340e+00 1.151733974780799086e+00 -5.892289865101497659e-01 -4.484650062040592688e-01
1.883150697056254375e+00 -1.347759061142446368e+00 -1.270484998485733596e+00 9.693967081580111556e-01 -1.173123405114159912e+00 1.943621185649292649e+00 -4.136189807597473456e-01 -7.474548114407577604e-01 1.922942026480384703e+00 1.480514791434424327e+00 1.867558960426569881e+00 9.060446582753852729e-01 -8.612256850547025389e-01 1.910064953099033680e+00 -2.680033709513803819e-01 8.024563957963951610e-01 9.472519677737479826e-01 -1.550100930908341890e-01 6.140793703460802888e-01 9.222066715665268033e-01
3.383155392256594896e-01 1.446792073920322830e+00 -2.144951064885902425e-01 1.663038957754906066e+00 -8.515225844037913605e-01 4.221846079690916853e-01 2.009218561174876072e+00 -4.898147312586012547e-01 2.452558534434198245e-01 8.775050628364339245e-01 -1.378996988987066519e-01 -1.500353276164329674e+00 -1.055959359068956216e+00 5.809325888538346971e-01 8.915153199892447144e-01 7.845553343209962227e-01 1.146432013867844990e+00 7.198519493602166530e-02 2.082331707110066377e-01 -1.518868659157529333e+00
-1.389781018896206755e+00 -1.953678562619406422e+00 2.957790885068872222e-01 8.425887964569803712e-01 2.456164279017757912e-01 -3.299648026466609624e-02 -1.562014341829266240e+00 1.006107067097547159e+00 -4.404489737594127069e-02 1.959562005205767843e+00 9.423143082769667167e-01 -2.005125426652148324e+00 7.550496802558879228e-01 -1.396535237573157229e+00 -7.594954904290640574e-01 -2.507566767601495106e-01 -9.406245036260366121e-02 3.975652156174661611e-01 -1.022855040804214077e+00 -1.150692004256646861e+00
3.764255311556294337e-01 -1.099400790584194487e+00 2.982381742060559726e-01 1.326385896687030330e+00 -6.945678597313654778e-01 -1.496345403276707620e-01 -4.351535517216374438e-01 1.849263728479341840e+00 6.722947570124354622e-01 4.074618362411104311e-01 -7.699160744453164007e-01 5.392491912918172536e-01 -6.743326606573760706e-01 3.183055827435118251e-02 -6.358460783788809634e-01 6.764332949464997302e-01 5.765908166149409375e-01 -2.082987555779948763e-01 3.960067126616452771e-01 -1.093061508730505782e+00
-1.306526851735316574e+00 1.658130679618188053e+00 -1.181640451285697613e-01 -6.801782039968503613e-01 6.663830820319143200e-01 -4.607197873885532924e-01 -1.334258471402753443e+00 -1.346717505797555336e+00 6.937731526901325108e-01 -1.595734381462668994e-01 -1.337015596684391627e-01 1.077743805976262736e+00 -1.126825808756743541e+00 -7.306777528648248365e-01 -3.848798091812754563e-01 9.435158931707400554e-02 -4.217145129057893460e-02 -2.868871923899076193e-01 -6.162640209564740346e-02 -1.073052762911746866e-01
-1.548471050728460918e+00 1.311427126349951067e+00 -1.842905019336721698e-02 -3.232886362555003057e-01 2.362254895682835143e-01 -7.525822843367991899e-01 4.511300381296626943e-02 3.427538547002493274e+00 6.046820302458011387e-01 1.668311059634325355e+00 -3.550831224559203303e-01 -7.515689901309378085e-01 3.097035893716593158e-01 -1.341704943424034902e+00 -2.306957765445794450e+00 7.315925050221387949e-01 6.413381449722294070e-01 8.338512217530716919e-01 2.816987318999659637e-02 1.978372699879662244e+00
1.040086245053703173e+00 1.646438095263976220e-01 8.851875412089272865e-01 1.473764815138404849e+00 3.890939688657205631e-01 1.171041064620488292e+00 -3.265609776792077201e-01 -8.209882269614044575e-03 -5.226194163984779761e-01 1.042977594646375961e+00 4.140913537935950739e-01 -5.072344618949226058e-01 1.546688336463321878e-01 1.041568388818581825e+00 -3.926799103795318435e-02 -9.489328108497634418e-01 1.319117557874122104e-01 -1.980565591068939701e+00 7.687706443994749561e-01 -4.213275873246805081e-01
-9.351272094375440158e-01 3.818240096193838418e-01 3.982960861974925160e-01 -1.255774881741501536e+00 1.222877447053409838e+00 -2.086510028855187660e+00 -5.907571529099620022e-01 9.719702938655755409e-01 -1.193257833474039131e+00 3.502659195620300148e-01 -1.296360388275429987e+00 -9.302414444422328621e-02 -2.313773113172200357e+00 -8.425717017130081032e-01 -1.542921447154290249e+00 -4.017637421265006226e-01 -4.152313958216570788e-01 -6.736641713091396921e-01 7.979131965667455306e-01 -8.868796038714377161e-01
1.669250806376968654e+00 3.019892103575529396e-01 6.081564276006414804e-01 1.114962322947402162e+00 1.433352502881991786e+00 4.183980113091925190e-01 4.355461592956536010e-01 -5.992242774597194011e-01 3.308975113876019836e-02 -8.541612608143545060e-01 -7.199405321418946846e-01 -8.935744023141912740e-01 -1.560238909972873622e-01 1.049093187920010273e+00 3.170974773290179627e+00 1.894996375479134632e-01 -1.348413087756120010e+00 1.264983329856256056e+00 -3.007838764760271122e-01 -6.606085939769920090e-01
-7.742950804868045100e-01 -2.693897784512402915e-01 8.253722320875147567e-01 -2.983231689958337207e-01 -9.228233149968279037e-01 -1.451338498191025117e+00 2.185735821987137145e-02 4.253907402979072161e-02 1.530932351028824634e+00 9.244773546980858403e-02 -9.900831128407737436e-02 -1.050653836587489565e+00 -3.059525750983919101e-01 -4.384744580346060516e-01 -3.701641645137025427e-01 -9.592553926405882336e-01 5.383296032761768490e-01 -1.424454175093693709e-01 -2.003534800049873998e-01 -1.714046116048996371e+00
2.528035054191545283e-01 -4.080147090398968945e-01 1.774658560973333188e+00 -3.931531947541128669e-01 -1.622184475766908496e-01 7.694301781773038584e-01 3.305327432349157712e-01 -1.452744572047692251e-01 -7.564935288807482783e-01 3.015140573967661775e-01 1.039096440378392661e+00 4.790952240982285781e-01 -7.781835214561222402e-01 1.736774956976710804e+00 -1.446577890035894320e+00 -1.582685641802789034e+00 9.605572244572283536e-01 2.258404786026901034e-01 -5.494985463040402696e-01 -1.098570727555329585e+00
8.733118360704121841e-01 1.199736176415037825e+00 4.561530358270553531e-01 -3.575790319685979157e-01 4.108222614387956745e-02 5.934659196032391337e-01 1.018551871207346374e-02 2.198296338670492567e+00 -9.906709306271491711e-01 -1.002668587369790920e+00 -9.768953867353251663e-01 -5.895799225452156289e-01 -2.178931520194909321e+00 -6.296504269401812515e-01 -6.532847019278890111e-01 7.851402517417628568e-02 4.178005832060814329e-01 -1.240216336407770292e+00 9.000542427640723098e-01 1.802242229790547157e+00
-1.698105819432254471e+00 3.872804753950633838e-01 -2.255564229402189369e+00 -1.022506843635603513e+00 3.863055184018809873e-02 -1.656715102321953736e+00 -9.855107376841506506e-01 -1.471835007463586864e+00 1.648134932207559578e+00 1.642277554873339540e-01 5.672902778526693890e-01 -2.226751005151544893e-01 -3.534317487571990712e-01 -1.616474188651032540e+00 -2.918373627478628163e-01 -7.614922118116232985e-01 8.579239242923363262e-01 1.141101866657573405e+00 1.466578715574177627e+00 8.525519394612319779e-01
-3.873134374568502625e-01 -3.475845129154441215e-01 3.306574349110561695e+00 -1.510199643978141104e+00 2.035397004046128333e-01 -2.084432135361529159e+00 -6.937441205922596603e-03 1.909890561909011408e+00 -4.084554316741083047e-01 1.104554421472048853e+00 -6.611522595320368234e-02 -4.224987168254348835e-01 -2.516563589463959860e-01 -5.869026451800014588e-01 -6.260582718898234367e-01 -1.330194412324495534e+00 1.506800728949443613e+00 -3.930763957934435004e-01 2.937743107657530550e-01 -8.765318514397859584e-01
-9.669310884567345887e-01 -1.731731346467926258e+00 -5.010745879029283867e-02 4.316338528112232398e-01 5.769345970532243628e-01 8.183537308271613409e-01 -2.353640399690413609e+00 -1.005144430956671497e+00 1.066522945030321246e-01 1.519003279936145479e+00 7.837444936747277602e-01 1.901340051848112500e+00 -5.249394229139989765e-01 2.744169952820086356e-01 -1.099970807569307096e+00 -4.043522196239997535e-01 -7.352957182829735761e-01 -6.339886593167213258e-01 -3.934491211856632753e-01 2.717539890680890739e-03
7.287815212615995630e-01 8.855011096194774778e-01 -1.937021407449239341e+00 -1.494840121486704365e-01 9.138846582835070675e-01 -2.578948596093573187e-01 1.088152709142133773e-01 -1.495410875260269501e+00 -4.800336568182954067e-01 1.828775429388225460e+00 -7.880680345153491251e-01 -1.440632343196017295e+00 1.494717585584059427e-01 7.886293330657389022e-01 1.193810490625256016e+00 -5.177226421252706379e-01 2.224755766287194736e-01 5.443548782853930845e-01 6.492105278342116259e-01 -5.472027440095442730e-01
-3.868708468506465437e-01 -5.102927396336285337e-01 1.839254943403099418e-01 -3.854897603756082813e-01 -1.601836048972536952e+00 -8.871809418450402607e-01 -9.327890415064382656e-01 1.243319384455154886e+00 8.126740421090423716e-01 5.872593793998259759e-01 -5.053583172644099397e-01 -8.157915419939713031e-01 -5.075176016573570426e-01 -1.051880102551673968e+00 2.497200391587007129e+00 -2.245321648371402024e+00 5.640085350738091030e-01 -1.284552297992527237e+00 -1.043434914946926445e-01 -9.880019424937344086e-01
3.173289537023369911e-01 6.126807853910978263e-01 -5.832112948159864363e-01 6.440016988949112120e-01 -1.815888844517823841e+00 7.510995977945368329e-01 3.002843236208011524e-01 2.110608533588019142e+00 1.413085536865266834e+00 1.506980358558529520e+00 8.173970963681655988e-01 6.466156139152580140e-01 -1.181631314912928499e+00 -3.350913003517864697e-01 1.826728470660865078e+00 -1.456164448723089810e+00 -4.502818348131299997e-01 -1.419234080814670618e+00 1.450951814032127363e+00 -5.657813285456108066e-01
1.390533967073938060e+00 -1.641348608823029132e+00 -1.550358081183257908e-01 6.606026178649258840e-02 -4.957954945452093254e-01 1.216577713742940325e+00 -3.386821854453975766e-01 2.034762544021153641e+00 1.054177908938922714e+00 9.508336970037996050e-01 5.592989813908842978e-01 -1.063695591025547893e+00 -4.310963375107570994e-01 5.727513668572158378e-01 6.775570335877171280e-01 1.307183845081257401e+00 -4.674410096259063452e-01 -8.601533849246632002e-01 8.591041927855306293e-01 -8.096265760401126776e-01
-7.196043885517928729e-01 -8.129929885540773116e-01 2.745163577239395081e-01 -8.909150829955279072e-01 -1.157355259190853580e+00 -3.122922511256933098e-01 -1.576670161638158985e-01 2.256723497298209313e+00 -7.047002758562337377e-01 9.432607249694947571e-01 7.471883342046318210e-01 -1.188944955203736109e+00 7.732529774025996838e-01 -1.183880640193317735e+00 -2.659172237996740851e+00 6.063195243593807460e-01 -1.755890583437719421e+00 4.509344618059148435e-01 -6.840108977372165722e-01 1.659550796189872113e+00
-1.684728958873941140e+00 -4.994167610220383025e-01 -1.426937685426991509e+00 -9.325702298970132142e-01 -1.012457152743806210e+00 1.250569832543434901e+00 -2.345380349087503868e-01 -8.633555813417825853e-01 -1.035605731384494632e+00 1.416671648715303045e-01 -1.113562734066710774e-02 1.344074374673426941e+00 5.000166958573025733e-01 -1.431797778065037496e+00 -6.289807075912683398e-01 1.070072512070977089e+00 -6.210826977013773620e-01 1.734572174923709076e+00 -1.098289431324746657e+00 5.726133530407901961e-01
6.941767203920137241e-01 -2.142068847659502617e-01 1.505753238757508106e+00 -5.955338743056790562e-01 1.190710808723294128e-01 -1.213252330152418290e+00 2.600671870417404108e+00 -1.786205987004569062e-01 8.296298402994150001e-01 4.133850208671531190e-01 -5.838788148392762833e-01 -1.330901281535690206e+00 1.561431245388073541e-01 -5.567897443633332832e-01 -1.555043014917319166e-01 6.513020587973822328e-01 7.824115584037942550e-02 3.771162973685955322e-01 1.500465760557719019e-01 -1.467249332650507831e+00
-1.951804101481602105e+00 -6.598917297294979445e-01 -1.139802455426774053e+00 7.849575212405001112e-01 -5.543096265713008952e-01 -4.706376581547914162e-01 -2.169495699366489894e-01 4.453932508947973101e-01 -3.923889981496367363e-01 -3.046143054799926642e+00 5.433118913875196743e-01 4.390429576720425442e-01 -2.195410283312132504e-01 -1.084036620671934514e+00 3.517801106813582823e-01 3.792355335355867552e-01 -4.700328827008747878e-01 -2.167314705755386262e-01 -9.301565025243212492e-01 -1.785890920873291488e-01
