1.184529785539677471e+00 2.631611500506634838e-01 -1.837512830668672992e+00 -1.697991785678925059e-01 -3.275169408881945188e+00
1.314960786900253531e+00 -8.629154233594237278e-01 -3.506397973961443149e-01 -5.008344113277947152e-01 1.047276146791765061e+00
-9.689497812756031614e-01 -7.677232610650234212e-01 3.873548381939307950e-01 5.722686782836831076e-01 1.056898776863476774e+00
1.099209896979690848e+00 1.207319985511039695e+00 -1.050380932275259693e-01 1.032457707854875562e+00 1.032771661163334409e+00
6.062594691078270204e-01 -4.649202424124044275e-01 -6.578242890237118168e-02 2.702154543183012403e-01 7.707273490689388329e-02
1.485332108812611740e-01 -3.040172634781977412e-01 4.535313681116391882e-01 3.286920674739697568e-02 -3.590771809438485507e-01
1.936264088875831124e+00 9.907836887617060828e-01 1.731642525106711628e-01 6.183356490028062424e-01 -2.381085812986169226e-01
2.993269959164109317e-01 -1.921378973539785706e-01 -5.804199449307083647e-01 1.058281721810677700e+00 9.942985354022535471e-01
3.034906383286629650e-01 -4.178806678808892894e-01 -8.095291818643422788e-02 -1.771903083151320224e-01 3.693801149569400644e-01
-2.203569188088529085e+00 2.403384149884587373e+00 -6.088642095948221256e-01 -8.982784001937842155e-02 1.896092740991787429e-01
-3.883045147593676139e-01 -2.337067870454864416e+00 -5.637964682229297253e-01 -1.931501830431708200e+00 5.800486366787619419e-01
1.806542679241243399e-01 1.846582039944992190e-02 1.990209657912330732e-01 7.452208782435848500e-01 -1.296196251303988189e+00
1.602637764305045565e+00 -3.487418203835722652e-01 1.113178836698374141e+00 -4.322150767437952235e-01 -7.263425403730959795e-01
1.605301711687511679e+00 1.448279155230340232e+00 -5.152969635731398101e-01 -9.783234518546928271e-01 1.772393740507400617e+00
8.924760157031267349e-01 1.230767235176768670e+00 -6.432776324753637365e-01 -1.138649636919806252e+00 7.475268831016176341e-01
-1.031843390569047614e+00 2.240948305913291194e-01 -1.210059893595025526e+00 6.522093707924417894e-01 -7.043791212759519249e-01
-3.719051111126607245e-01 -1.345346506089340477e-01 -3.903384753377385774e-01 -4.700348945053992589e-01 2.640465387256590857e-02
-5.572691059971002225e-01 -3.951891529272885117e-01 1.000223165086525867e+00 4.036383398030622960e-01 -1.996263416082956432e+00
-4.031533316129189970e-01 -6.086011712644652238e-01 -1.390495355355156448e+00 -2.592945348714691123e-02 1.082665134562009968e+00
-5.393221358494612039e-01 8.793443347176532754e-01 7.722753954494567807e-01 -5.398966471309170068e-01 9.516370413609811507e-01
-8.850972520206840111e-01 2.029655590044288603e-03 -2.059770770232038084e-01 1.682390891956941026e+00 2.530979813697701308e-01
1.682959307316944875e+00 8.982511786133803300e-01 4.280955027671183855e-01 -1.395394564286937200e+00 -7.384586516223732300e-01
1.318925235668515494e+00 1.556548763549333581e+00 -4.108288065106941445e-01 -5.029339639547522056e-01 -1.565553562633010543e-01
9.149879557794264873e-01 -3.075480340494142206e-01 1.301436085907797358e+00 3.153232019392442076e-02 -1.010056820757750939e+00
7.212804959496255108e-01 -1.296428738201216513e+00 -6.587512081589105284e-01 -5.219621919931944909e-01 -4.429514627517412012e-02
8.376279954287704221e-01 5.352255848502371904e-01 1.111005420893238366e-01 1.088851093228680567e+00 -8.459076285494093739e-01
-4.506559856810578024e-01 3.484058844569998259e-01 9.001760194327894649e-01 -7.317566125373135000e-01 -5.724365517776226486e-01
7.919913445983701727e-01 -7.962975260706934844e-01 2.139065775243312872e-01 5.265795914694986202e-01 7.569585542421245483e-01
6.950763010565722544e-01 1.003326207400121683e+00 9.383306193502045645e-01 1.580428865956794882e+00 4.537225200784149592e-01
2.390749833444621775e+00 -1.496112390058392527e-01 -7.499868429194497255e-01 -3.339501987829119889e-01 -2.542556684664568856e+00
7.396041141124316542e-01 5.319633739000660944e-01 2.143730061305209045e+00 3.879169832081569846e-01 1.666139061823471268e+00
-3.339831770402165168e-01 -6.797953884556086068e-01 -3.491572229729959509e-01 -4.860338561661201595e-01 1.492719658486994783e-01
2.524977952819227323e-01 -1.162948448863648787e+00 1.238970958403242006e+00 1.069247242831117495e+00 1.268233306218403966e-01
5.801269386190960331e-01 -1.716128482269392297e-01 -7.759756026394833139e-02 7.338284991496498710e-01 8.431350268097419220e-02
-4.379746008381902311e-01 -1.528216791069994876e-02 -9.270465911126134495e-01 5.968449151708445921e-01 -3.758819068020782250e-01
-3.210858110977536373e-01 -1.274985200653973305e-01 7.297794878639813909e-01 2.455171964616985336e-01 -1.457582768641747961e+00
1.118101087368803120e-01 -1.175202964654515014e+00 -1.334398826034677743e+00 1.020501466835007198e+00 1.110646062347499852e+00
-9.573548994076027663e-01 -1.315465772330520089e+00 -1.251622887626206104e+00 -4.959637765788811326e-01 -2.027132745470991981e-01
-2.382178660739124876e+00 1.506487271154616669e+00 -6.097575416687653904e-01 2.703787697908280330e-01 -2.503813527103106118e+00
-1.619990278719364740e+00 -8.535447140887479911e-01 -2.568245076867075039e-01 8.239261015663127408e-01 -1.938817328358760639e+00
8.350821052474399764e-01 1.485475342473514759e+00 1.519438617062676800e+00 -1.225896342308700149e+00 1.068477683051342497e+00
-1.144414960223720246e-01 -6.494608794724942014e-01 -4.752645250446531355e-02 2.225307459317644732e+00 -3.765456472780113750e-01
3.602717941736227614e-01 -5.957896538111224771e-01 -2.885089289994605677e-01 -2.317382708290347260e-01 -5.186690376311547251e-02
9.030091618552724686e-01 4.395656833237544803e-02 5.058714461763037518e-01 -5.845940059151912838e-01 1.112761951604689603e+00
-1.695087194802312958e+00 -2.466696899438795554e-01 1.237657161089616764e+00 2.198358863429262788e-01 -1.554624925476566055e+00
9.659528263798344838e-01 1.046188242912784033e-01 -7.186643216885270080e-01 1.166491886948210377e+00 1.891630850569253897e-01
-3.850130953201544304e-01 4.926086604114844891e-01 -1.408543840816740111e+00 1.839993125817964426e-01 1.394210621487093960e+00
-3.928476689463903937e-01 3.163156245575104997e-01 1.167104631811260562e+00 -2.082656330614544249e+00 4.929833801411690475e-01
-1.838014448171953336e-02 -1.430522638410057779e+00 8.622790420080490570e-01 3.799440245496182311e-01 -1.060000391229820593e+00
-7.229192477648184179e-01 6.674879298797415927e-01 1.564875483884563989e+00 3.455010659598491962e-01 2.419783790961512082e+00
1.817141956698483385e-01 9.817970083820874994e-01 -8.658214181093224493e-01 -7.018433480239157085e-02 -4.208102351728985197e-02
-3.908848698276959355e-01 1.570024441082401578e+00 -2.244484775129438892e-01 3.621748323485915466e-01 6.498865714506477098e-02
-2.924130415858626542e+00 2.714478232099096999e+00 -6.992989976701961818e-02 7.340735340381330243e-01 -7.130339224892445760e-01
-2.435971710836920458e-03 2.369090760836237430e-01 -1.397608044993897680e+00 -1.992507079533383310e-02 4.659055301967189866e-01
1.281035126903873611e-01 6.630077487010163639e-02 -9.072116463577096779e-01 -1.827069863500976055e-01 -2.996050716198600875e-02
2.074993103468353084e+00 7.972521288591619681e-01 -1.313968640371682373e+00 -1.039774370243488510e+00 3.220989681724838460e-01
6.857344547991199857e-01 -1.060987161133607026e+00 1.751137432897601709e+00 -4.348191862386672768e-01 -1.175284530807572808e-01
-6.432602882887540341e-01 -7.043390426836235729e-01 -8.005674520165124708e-01 -4.310020322878935911e-02 -2.019835590176282947e-01
-1.346949321371827824e-01 3.740648587765037503e-01 4.835580979377432920e-01 -9.693870636131747265e-01 -1.283221250685747217e+00
-7.493811517229389541e-01 1.832522451142268194e+00 -8.306031069721424576e-01 -9.077371879426857637e-01 1.057911239911588086e-01
3.715258308690112810e-02 -3.039962992695982025e-01 -8.359155765485632994e-01 1.589020166478811058e+00 -1.380555506975906122e+00
1.256217697095578734e+00 -1.981185781082586583e+00 3.363267827551743583e-01 1.087010934607455459e+00 -6.070593439995290996e-01
9.641223650963850478e-01 2.279790696022034324e-01 3.285870454933339513e-01 1.744099693900999615e+00 1.291358066214363332e+00
-1.819807252200816183e+00 1.597104445962660435e+00 3.485740541695980244e-01 -3.889399876351085639e-01 1.370654835980360309e+00
-6.277507198014549150e-01 -4.776780211241977714e-01 -2.466307487113182095e-01 8.855286669858755122e-01 2.711488890227547466e-01
4.172016965230339602e-01 -1.230328803168663887e+00 4.073906682210917674e-01 1.576940812027758154e+00 2.447241930630695284e-01
-4.716672977713849968e-01 -1.225468751881807039e+00 3.247654781790770273e-01 2.062753493883555389e-01 1.055220640470608817e-01
-1.362273650843299988e+00 3.838553833934124082e-01 -7.227279774929787903e-01 1.449154680814567775e-01 -7.596578706439247597e-01
-7.003910831525819169e-01 -2.129582873116647068e+00 -1.579835155325043372e+00 2.739809894141279623e-01 8.040332093059968654e-01
3.671562072656113229e-01 -1.484819010081789070e+00 -1.544480881709218156e+00 3.742374938654686178e-01 -2.306582985596673296e+00
1.252684612762790639e+00 -4.164376454226215163e-02 -7.551984497908792449e-01 -6.261834016802709790e-01 2.123150950464157471e+00
-1.488331304544012079e+00 -3.911122548821842071e-01 -7.708622118593700945e-01 -1.661754485605860809e-01 -1.280838098996424756e+00
-7.585621800261541647e-01 3.235593253888557896e-01 5.181581092752077788e-01 4.139242448221096549e-01 -3.842660491487486230e-01
-3.470339139248853483e-02 -4.316252910227394435e-02 -2.121812602008462445e+00 1.514747779270637862e+00 1.274511169699235891e-01
2.127502231977436598e+00 1.742352375855595881e-01 1.104161917842504170e+00 -2.731951008374652878e-01 -3.931162745103773948e-01
2.144716349074377582e-01 -3.822914836726959975e-01 -4.767714681404857102e-01 -2.787829970899669885e+00 8.576317739404436535e-01
5.724128585155132676e-01 3.768079896003373452e-02 1.624709846372240918e+00 1.832113215159464070e-01 1.855298392363118998e+00
-6.963417046046254111e-01 1.161825102902642959e+00 -1.609922874481528821e+00 9.745921470202909553e-01 -1.094324896745482834e+00
-5.321786993387308540e-01 -3.117327698152863036e-01 -1.115405834022944909e+00 -2.230209856813260672e+00 4.888190825397735195e-01
-3.976072894138719949e-02 -8.590127687569288906e-01 -2.091994711165672705e+00 -2.028491446294745648e-01 -6.673765964635995918e-01
1.129825729633936682e+00 -1.896046720549448839e-01 -8.579431552609204648e-01 1.223115831835726031e+00 -3.065935159388925579e-01
6.601768961333844832e-01 -4.808508456343414394e-01 2.249741112314808333e+00 7.820849416698988366e-01 4.245409962692582584e-02
-3.906664461273265387e-01 8.072925892426784378e-01 -2.185784282367250420e+00 -1.176180705375314828e+00 1.722990307223309259e+00
2.142823959830365832e-01 4.992045324466712342e-01 1.201444578395715723e+00 -3.645706345024349870e-01 -1.455228812343440925e+00
-3.815851879601081520e-01 -1.646719379135304306e+00 1.487582378868359978e+00 -6.554690224389851938e-01 -4.772174826854145846e-01
-1.056543697132675819e+00 -4.244744439456851932e-03 2.378353895358021886e-01 1.223627403420221027e+00 -3.882865793933465426e-01
3.044047499964644410e-01 8.424051346418908182e-01 8.931616032959625862e-02 6.606137388639859997e-01 -2.963540052158384341e-01
-2.183621575022046457e+00 1.575522736880786701e+00 -5.434740546419908336e-01 1.972391089225859151e+00 -1.326591068388150108e+00
-3.583563509611181752e-01 1.183511669481466799e-01 -4.510903820363917904e-01 -1.778932004535006550e+00 -3.272200301103074249e-01
6.764936050528647105e-01 -2.085730713849890616e+00 1.285033023221946680e+00 1.867358277472072059e+00 9.780505214544342740e-01
3.613595965428930135e-01 -1.309714083336073642e+00 -5.375267089615489713e-01 -5.477004590488184776e-01 2.333503914645855826e-01
-7.046575097534731880e-01 8.325568127712885957e-02 7.271667563602619566e-01 -6.912776773926634366e-01 -1.208822034299672055e+00
7.698387242759778815e-01 -3.426158549463789726e-01 -1.578803066156459378e+00 1.108045327141044117e-01 -7.740533896971020511e-02
-1.356311039835334520e-01 6.525411984521948400e-03 3.934642360798266680e-01 -2.162771533679906100e-01 -1.041346970782082382e+00
-1.047380067220626376e+00 -1.047885161540817567e+00 7.537270674353145627e-02 -1.173288989437012014e-01 3.446308206573118205e-01
-1.782229671918653668e+00 -1.588780124982406283e+00 1.860711210297440799e+00 1.351260181624763246e-01 4.645273887834121540e-01
2.201023307009526864e+00 -7.170567536931156116e-01 4.200449790862363919e-01 2.342663535455176416e-01 8.668201471059691077e-01
3.775218024133508710e-01 -1.963449196959925480e-01 2.391657348959477680e+00 -1.048404983972228477e+00 5.218058710968556113e-01
-5.118897173468479611e-01 -1.558861149153736081e+00 -1.666273465188344183e+00 -8.454025567628968840e-01 3.024319116587858014e-01
2.298230367829439569e+00 -7.407464521862650031e-02 -7.257023385189910192e-01 -7.449327607703838394e-01 -1.604253397813924176e+00
-8.465298068976626067e-02 5.016634237465121826e-01 2.974640014576672709e-01 1.039186275743390286e+00 -1.210931527786608397e+00
-1.234323878126336815e+00 -1.170905320875886835e+00 1.051001100831144841e-01 -6.646871908750067171e-01 1.782281935845306586e+00
-3.712839883678119568e-01 -3.827647391837765700e-01 1.648070097498570696e-01 2.199622523781596950e-02 1.122878708714197149e+00
2.060657881114833945e+00 1.587729413721755911e+00 3.181535015276480971e-01 -2.240151662925195186e+00 1.157619974314612943e+00
8.507425526711415165e-01 -6.355346935266161790e-01 4.655382363055063366e-01 -6.814710559296415227e-01 8.013023753037965546e-01
-6.120902670425679704e-01 -4.074524409597904406e-01 1.280253328959490844e+00 -9.337780103078294758e-01 -7.343657946982820039e-01
-4.926168710733003775e-01 1.892178488091552868e+00 -7.067713689583683401e-01 -1.075480684827373468e+00 2.641858052900497023e-01
1.405520896474242276e+00 4.843665044178473433e-01 -1.035268224208021337e+00 -3.072493180376758377e-04 -1.845209684684902818e-01
-4.184031094046838928e-01 2.365517409281431060e+00 -4.190923485109641911e-02 1.840653335179557315e-01 3.551624371617195242e-01
1.002724967302709214e+00 1.069766774364561551e-01 -3.967668446690008066e-01 -6.836698577992941228e-01 6.608651651875034616e-02
1.686148086868421325e+00 5.149206831495447556e-01 -7.153986752746340771e-01 -1.005394257651467838e+00 9.457539597232836881e-01
1.724893354535002254e+00 -7.872861035310660949e-01 1.140641133368203830e+00 -4.101773108774012799e-01 1.297614212389243793e+00
-1.901261162123656923e-01 7.569643048665003482e-01 -9.478411587652851855e-01 8.824106206265731611e-01 -1.447799771677322322e+00
-1.874425906810756395e-02 -4.517993169172879186e-01 -3.502360192629566660e-02 -9.601078873478773312e-01 9.011734607475029302e-01
2.108704829313434725e+00 1.141706708926375491e+00 4.065005402334642137e-01 -1.457837032072172745e+00 -8.956059326509921981e-01
1.800209708930057273e+00 4.932273437014746409e-01 -8.123659531684858104e-01 6.476131531085238535e-01 7.843299416795314061e-01
1.723575985272657096e+00 4.289164909607017240e-01 -3.144608877368689631e-02 -7.745509114017264940e-01 1.241261806018208569e+00
-5.757965008046783684e-01 -4.054084959376052510e-01 8.053201781642249646e-02 -4.047799152783755905e-01 -1.359129637377430200e+00
1.737380343038763320e+00 7.750273526045192707e-01 -1.581798538325872805e+00 1.932201209577100731e-01 -2.284581719317637649e-01
1.504395357875123462e-01 -1.303511512800090033e+00 3.689047650141383805e-01 -1.411341034088360313e-01 -1.975879867156032643e-01
-1.234983709177675859e+00 -6.081474987102094415e-02 1.269004314863620420e-01 -1.371833491871575772e+00 8.443767532902717310e-01
-9.210152350233464791e-01 -1.894263033153436790e-02 6.369521691748966097e-01 -2.445056670061862114e+00 -6.427154038247712142e-01
1.129273408930743017e+00 -1.569458793955926357e+00 1.436664122000731458e-01 -1.197370140139855765e+00 1.956723956727937752e+00
5.919828709993810723e-01 1.054625795090074591e+00 3.813435728520346846e-01 -8.699295204965518113e-01 7.498877539768273870e-01
1.406240238805934739e+00 -1.057280925444938013e+00 1.218674025767971569e+00 5.597286955263510583e-02 1.212811354741232250e+00
-8.725858908299510830e-02 -2.074557727878236335e+00 4.710437815082914037e-01 1.450685654550188108e-01 5.947787238257514625e-02
4.094180360228089066e-01 1.808181241292399877e+00 -5.523779640907233723e-01 -7.010827739167937445e-01 2.239748350549589928e-01
-3.592886710567870789e-01 -3.702249975624121586e-02 -8.896623788512665332e-01 8.318723088840693780e-01 -1.377828629534418425e+00
-4.283766760958518383e-01 -5.949366486127265485e-01 1.621970016132510573e+00 -2.467888867674765674e+00 1.917568953100655893e+00
1.584098869901993778e+00 -6.337330127021355564e-01 -9.844890520585443117e-01 8.812671235559442484e-02 1.855574719751789114e-01
1.107636865566643092e+00 -1.831621903731284640e+00 1.974884318379314108e-01 4.150923359409531416e-02 7.315391042200308780e-01
-9.665805625404524370e-01 -1.423271616782843640e+00 3.337226934923644417e-01 -8.113815543070221903e-01 2.246940846182955420e-01
1.425053612883938614e+00 -2.678275803281420231e+00 -1.709898232134338336e+00 -7.603461448341446161e-02 5.434454927068537167e-01
8.223538545429004420e-01 1.712492796542882889e+00 -3.231436416270178635e-01 8.047146329832097211e-02 1.185199352694447095e+00
-4.078010153291077855e-01 -3.227409393894482559e-01 4.780666619051562871e-01 -1.783596202815490805e+00 -1.060752113858007606e+00
1.919421784977312639e-02 -4.051213662085726974e-01 1.330125363781512249e+00 9.537719487788748340e-02 8.272062841863229155e-01
1.029627822795274650e+00 -4.034696289042685180e-01 -4.636357853726682521e-01 -1.384716421579420820e-01 -1.192284630891159505e-02
-2.947504416328287080e-01 -9.629924159276982421e-01 -1.393369617901347279e+00 -5.859538344024257939e-02 1.115120587837092669e+00
1.856451429872917114e+00 4.286913160555075875e-01 -5.194044083549450574e-01 6.287150257107322338e-01 1.087164125440412521e+00
-5.931640515607476960e-01 -4.832323837745448603e-01 -1.447435350321844838e-01 1.976414260591587702e-01 -3.284138320104397122e-04
1.292990428629215316e+00 -1.729485006301887173e+00 3.750814010559833100e-01 -2.985374936015582903e-01 5.769457665805319824e-01
2.041994731773625560e+00 7.645609486876338012e-01 -8.411624169029334741e-01 -2.961887713483841167e-01 1.771978986445871262e-01
4.634170556930106155e-01 -6.135087695655618845e-01 -4.912784140268444122e-01 -1.246286974859715180e+00 -9.279802232967923059e-01
-1.100806130961289042e-01 2.757267580570907026e-02 -1.585940072824325031e-01 9.543058207254758729e-01 1.917244055583196827e-01
-2.345340398553029448e+00 9.829881885020186338e-01 1.096316741094220282e+00 -1.224967622383581922e+00 1.037050218463577478e+00
-6.249712283533138679e-01 -1.355359274511048318e+00 5.207908365662645700e-01 -1.138960278515768199e+00 3.029941657976967240e-01
4.832366547212546548e-01 -8.013822084289744518e-01 -1.330279719571552777e+00 1.284282726205707159e-01 1.451519987735672423e-01
3.221149862610508396e-01 3.089783821382922069e-01 9.042022444243856816e-01 7.211735205297525875e-01 3.592847693762813432e-01
9.466033844382844009e-01 1.749369254878072155e+00 -1.992873422092857894e-01 6.816351839035241778e-01 -2.813375484565515450e+00
7.121310811285780362e-01 1.757265736614562479e-01 -6.129956248117105488e-01 -1.735361027663899325e+00 7.324093251786633063e-01
-7.508117541920217297e-01 -1.317572931032450767e-01 1.462709844787820401e+00 1.641482975945261769e-01 -6.353516066546668339e-01
-1.054685846255698722e+00 -1.561706546646152161e+00 -5.612596290900199840e-03 -1.502445712727662697e+00 8.918805344675582170e-01
-5.960979371543746463e-01 -8.124984474880998508e-01 -5.622666518024098670e-01 -9.329807346225426068e-01 2.247366685396640307e+00
1.502326461477398567e+00 1.417507851577415767e+00 6.353484390110363256e-01 -5.187028055064218934e-01 3.078463378809075945e-01
-8.921445052781237228e-01 -9.668320880918713778e-01 -7.594234431342822278e-02 4.787044251523904503e-02 -2.256874756025563367e-01
-5.044116856644054181e-01 -6.794649094679466872e-01 7.685567011454096376e-01 1.531367914490287863e+00 6.680398627008440338e-01
-4.930868592251749088e-02 -1.715075776747933878e+00 -4.338319503834968394e-02 6.706058146808843157e-01 2.352896780164677737e-01
1.189320733970496979e+00 -4.122277545943637822e-01 -1.493846463719843420e+00 6.198815891568415504e-01 6.861830668356805329e-02
-1.092956384044388995e-01 3.343361147263713140e-01 -4.420228779519888573e-01 3.167024981022401597e-01 -4.912528096498178787e-01
-9.929315166155773531e-02 -5.064593540787847292e-01 3.013508029961510015e+00 2.067443111438372227e+00 -4.911537006073320444e-01
-7.527402886438141483e-01 -1.590639505963658884e+00 1.055309260246078296e+00 7.955217681085510195e-01 3.763937659950543635e-01
5.208987592847512671e-01 -6.392342014490909330e-01 -2.607450011424947145e-01 -1.453206992919410911e+00 -1.091731421252662537e+00
-7.278035946194865158e-01 1.710064380345984736e+00 1.134767431357130568e-01 8.061840985242368918e-01 3.362156708337915578e-01
-4.294604441529753514e-02 -1.176129100273960892e+00 1.159580168835332215e+00 -3.297112893647248244e-01 1.526868276696395244e+00
1.974696960606753704e+00 -3.912188759736590637e-01 -7.040500505340097082e-02 -5.180438209630078283e-01 8.244866095357193947e-01
8.002125053492790130e-01 -2.005314132686922601e+00 -2.570898220636739229e-01 6.222574528243617342e-01 8.391512579592738108e-01
-3.233452659201073165e-01 -6.620539663541884223e-02 1.116993045668018603e+00 2.232895270612693217e+00 -9.512341211474422131e-01
1.224956853316889194e-01 -1.224482881908365517e+00 -6.709596293569587422e-01 -3.389767553731036775e-01 -2.091607755063848162e-01
1.127461258535605859e+00 2.667296023078782774e+00 -2.911315767337266713e+00 1.958728733526501620e-01 -4.509619701084277565e-01
2.720458859506183824e+00 1.315828385162010339e-01 6.237371596456647849e-01 -9.201055383399875387e-01 1.875105095905628350e+00
1.012539119449513692e+00 -7.352297727681399442e-01 -2.517457895349413111e-01 2.471255805564455676e-01 1.256004248630934850e+00
2.883776475043826615e-01 -4.914323306571178884e-01 -1.862949433584155379e-01 7.779960917644580809e-02 6.970350812448516953e-01
1.564726687867487587e-01 -5.243419140154207403e-01 2.466888283261827186e-01 -1.174286442181320167e+00 -1.044558393284540143e+00
3.951954197874574803e-01 4.965222365793808268e-01 -2.117303396447360431e+00 4.566691500084109623e-01 3.789425556847402787e-01
1.195587186050644180e+00 1.026721712805198639e+00 -3.903484741567602168e-01 -6.352226653827283132e-01 -2.307104701453116746e+00
-2.663751372392486605e+00 5.224088229886084678e-01 6.073994966321779598e-01 -1.964407291943897516e+00 -3.673088462010861452e-04
1.723922746532635220e+00 6.662389583610137667e-01 -1.351450507472471196e+00 -1.361560394948523101e+00 -1.117467454329842846e+00
-1.878313078843843353e+00 -1.341998525116611773e+00 3.474395314244279609e-01 1.238034815079957079e-01 2.804834927635890818e-01
-8.093056317160983726e-01 -1.479009525984638751e+00 2.830821167314251929e-01 1.443938308273851057e+00 3.686419559913261534e-01
1.179866203469065900e+00 5.611508107318545491e-02 1.430279244525326066e+00 1.344592745583951698e+00 -1.149361579055189653e+00
-1.401959852138623175e+00 1.386794150598024133e+00 -1.591215881048883007e-01 3.296330695138378619e-01 2.151539749837613757e-01
-5.215095259581381537e-01 -1.871240672552186846e+00 9.512173899637412777e-01 -1.079942175218577161e+00 -3.470254929804594130e-02
7.434631457832188151e-01 2.226897506567004914e-01 -3.714065657560765565e-01 2.369974960016383025e-01 6.776070474054497472e-01
6.888406825957429369e-01 3.175424277026977493e-01 1.184863642231569036e+00 2.673456529752610944e+00 4.282917222740239005e-01
1.185156134979047371e+00 5.041011843700177186e-02 -6.424855887332797666e-02 6.525605986914246870e-01 1.556940622924536166e+00
-8.572821842726965347e-01 1.935069581641130076e+00 5.993562732144447347e-01 3.284946179243232456e-02 -4.671670452987357613e-01
-6.620570972137593269e-02 3.767436299896475549e-01 6.194270687045027035e-01 -2.802878617222911428e-01 9.556135061924161400e-01
1.127483382937810363e+00 -1.247167166488986956e+00 -1.519449542611350790e+00 -3.951364312775934029e-01 4.616719061497657206e-01
-2.634384108662504609e+00 9.980893203271878900e-01 6.733332009042895805e-02 1.049807353715208391e+00 5.733307989748479550e-01
-2.510143541690078028e-01 2.638241464947330573e-03 1.189950509896077202e+00 1.511735972592799238e+00 1.536472670408583374e+00
2.523370961324386541e-01 -6.969960704600273171e-01 1.109412759419778460e+00 4.944256531229086482e-01 6.268853661921874876e-01
-1.216028700071607321e-01 1.491821482589489767e+00 7.573859563212639312e-01 -4.408939186714379010e-01 2.047198878358931218e-01
4.677294182084877905e-01 2.785858366102439421e-01 1.557753355327790912e+00 -7.890562641169397359e-03 -5.547373627411513741e-01
-1.631665687447899638e+00 1.022224118038417062e+00 -8.007043109813284376e-01 2.491190523031358239e+00 4.507690254175702460e-01
-1.587307810467899927e+00 -7.022204519014308977e-01 -3.704044799541629240e-01 -1.184726748112861161e+00 -3.572990837182090651e-01
5.045389006323603986e-01 -1.035042484647073824e+00 3.775512107837560860e-01 4.277408303946417800e-01 -9.957923852837703427e-01
1.647385629054014311e+00 1.995262997425600038e-01 2.761552637070867622e-01 -2.821714909089796941e-01 3.545566889396633559e-01
-3.296676740595811950e-01 9.707205226591052449e-01 2.494843869667213998e-01 3.664309171035049495e-01 -7.665040096731939867e-01
7.116076123568420009e-01 3.865289001329639818e-01 5.687073327510530074e-01 1.064185105599144143e-01 1.238984329601232837e+00
-2.885663506848771820e-01 8.874768204012841721e-01 -3.261543627713451299e-01 -4.953056155684439354e-01 7.130680425321253568e-02
2.719040305240328359e-01 1.548833509030427859e-02 1.675064882285387524e-01 1.558877068151240497e+00 -1.060019949609840584e+00
-2.254431684452882223e-01 -3.877915257164913365e-01 -7.810939142575321625e-01 3.429705512218730878e-01 8.182438807381342549e-01
-2.812153156143481603e+00 -1.265142319569319829e-01 1.356224279891376172e+00 4.461450280056294959e-02 1.109037107991099447e+00
-2.625952353018169427e-01 -2.391507704434795711e-01 6.259200142914564946e-01 5.304444778170324115e-01 -1.943324228975062962e+00
-8.019243368553823359e-01 -1.723357626346151972e-01 -2.035091993132689403e+00 -5.264801456165179028e-01 1.545543631484946223e+00
1.457896726588272795e-01 -9.825334860999183073e-01 -7.053406519359519677e-01 4.167143466148672815e-01 -7.877700137168978933e-02
-1.701182734778940164e-02 1.751297109232282212e+00 1.779600299071310843e-01 7.405322053425477113e-01 -3.451539850021628775e-01
4.827209499645460089e-01 -2.182551340909608673e-01 -1.786457611108050125e+00 -7.644162007967858496e-01 -1.015058398179812693e+00
-8.926662942208259954e-01 -1.136568799283032005e-01 1.517922487324580905e+00 -1.468197783583057747e+00 -3.055722235011366136e-03
-5.791745834779521429e-02 -5.586839250656903122e-01 3.100309872610689244e-01 8.124051749331457906e-01 5.618786163013494983e-01
1.754468271189071338e+00 1.003545971833784911e+00 7.370765171042783712e-03 -2.049923260915810896e+00 -1.171543959154210668e-01
-1.515423179948402588e+00 -4.094560025908963175e-01 4.641194198403511550e-01 -7.296571972786559668e-01 -7.139920557822260205e-02
-1.992574768004416463e-01 1.745289391589771033e-01 3.465655851392089870e-01 2.407726053839726599e-01 -1.553793739336915225e+00
-1.084534853263319887e+00 -9.347521013092844333e-01 1.506308793847218830e+00 -2.027337484767761933e-02 -5.405110008503839492e-01
-1.146435046512784384e+00 -1.069263189560224925e+00 -1.449755018480616275e+00 5.727089289678973794e-01 -9.523600883856213339e-02
1.173285518750129874e+00 -6.118040456239081104e-01 1.574991009289122612e+00 -2.890805773108722221e-01 -9.116364303902783073e-01
-1.083154472396303358e+00 1.619401304073076586e+00 6.595068729709143707e-01 4.554316107235379940e-01 1.476089241723615331e+00
-5.292212293788888661e-02 -1.113314398064418898e+00 -3.408224365557838698e-01 -1.301914438346017278e+00 -3.568472252961752411e-01
7.638629212687140235e-01 -2.182213500355711377e-01 5.615187782378571191e-01 2.583434888491302761e-01 6.334441536349156854e-01
2.116717303619373158e+00 -1.197966399859800690e+00 -3.246554476771639774e-01 5.283613921836759486e-01 6.309871569675722380e-01
-4.312734346913261185e-01 1.001506348773549826e+00 -4.042541986910113683e-01 -1.535711142348357372e+00 -8.445587573708416285e-01
8.451676004671775377e-01 1.306383104543029638e+00 -7.828136966479426473e-01 -8.025799712808564523e-01 1.773164616364743262e-01
3.992459163384213805e-01 1.436320923679281769e+00 4.047682156289390543e-01 -1.278502250392902218e+00 1.431046914698064221e+00
1.248065587418823785e+00 6.104754671226674256e-01 -1.298966425624138887e+00 -2.808839481151987338e-01 -6.065649337253720130e-01
-3.346489021110542195e-02 1.590132548840702098e+00 9.658347227217064512e-01 5.321488656003873219e-01 -1.085723904778093774e+00
-8.233198691024595783e-01 -9.380491330148675588e-02 -1.708424764690216757e-01 -8.445558352190053464e-01 -6.827160210571970866e-01
-8.875964395585953515e-01 1.155326307138076158e+00 1.903693046547896728e+00 -1.628753736339880298e+00 -1.335809995807868189e+00
4.464345555417989497e-01 -9.638248192462373076e-01 -2.316523568277427669e-01 3.720509098980012697e-01 -1.000108203346851132e+00
1.071497299704077255e+00 -8.425171322315408995e-01 -6.519710396104738594e-04 5.895300706990860284e-01 -2.494056769814530505e-01
-1.364559957552081149e-01 1.457039593851556347e+00 -8.416378657137226771e-01 -1.658650311195634330e+00 1.248114074269680129e+00
1.043001038717621842e+00 -6.612930590778286488e-01 1.013534562135212314e+00 -3.378051657524145934e-01 1.666215332509330294e+00
-6.116552974353758332e-01 -5.790340177507561359e-01 -3.365612929289669986e-03 -8.191700861366660869e-01 6.202000887252695494e-01
7.675053378745477772e-01 -1.433765352297603490e+00 4.695320000746600608e-01 -8.151843694452770572e-01 9.155188262852973491e-01
-3.918431509003630908e-01 1.594812966939786802e+00 3.344908679894150194e-01 1.206669973968161003e+00 2.386477434628895555e-01
-7.770187440385376565e-01 5.802972023013956981e-01 -5.329134212184631902e-01 1.702198484989016214e-01 9.036885116604299606e-01
8.622415143939001769e-01 1.478395816496358206e+00 -1.176442127860047648e+00 2.243015508323936924e+00 -1.706696483564277278e+00
8.022426256641111697e-02 7.179127709659879342e-01 6.175036768247801344e-01 2.260255776463817590e+00 -9.496231154788010720e-01
4.504315529200818013e-01 2.248000776481773669e-02 -2.068911370638472358e-01 4.310123483563609303e-01 5.401600473507320865e-01
-5.783361835151662467e-01 -8.575625163299571696e-02 1.569567291849314428e+00 1.441692924960804034e-01 7.480628143505313465e-01
2.878341638022758886e-01 1.080495413001175242e+00 -1.562076715538112115e-01 8.665557472043321496e-01 -6.054426379833893757e-01
-4.010998860166057334e-01 -1.037116105289149104e+00 -5.555123192753969735e-02 1.148002906774391763e+00 2.355386258189665849e+00
7.097285511575496253e-01 -4.718835701164624807e-01 6.757846085534592318e-01 -1.541752801414862484e+00 1.246474343460832968e+00
1.454244023403692854e+00 2.936888042601460413e-01 -9.483020934904736743e-01 -2.147789804679953285e+00 -9.193182817380934901e-01
-1.324191936235716571e-01 1.218541635745460372e+00 6.378275185705574168e-01 -7.930473633663576161e-02 7.715925072763037962e-01
-1.522295563978476318e+00 -7.022648496934940088e-01 8.011400079467971558e-02 -1.062099406799354329e+00 -1.345315121439825568e+00
1.303292493353736425e+00 2.208156878270159051e+00 2.787330940101436560e+00 -7.367406353166922051e-01 5.227029662629324447e-01
7.307271043941125643e-02 7.388599560943823752e-01 -6.063242100032869564e-01 1.452849358543816249e-01 7.602604289445204222e-02
-1.236835988247060758e+00 1.223918912348334276e+00 1.542286504482576870e+00 1.844398757208788320e+00 1.284169855066251253e+00
1.248483542603341823e+00 -8.108484222531516794e-01 -1.703977862602838567e+00 1.235037832160532645e+00 -6.882906717250987239e-01
2.787208598844890806e-01 1.771332111801922071e-01 -6.221697713227392068e-01 -2.964894794446007453e-01 9.997313315551628055e-01
5.501388090566501354e-01 2.446935759464599625e-01 -9.510961962679469472e-01 7.220849494387374667e-01 -5.491740915037007786e-01
6.611079775787634949e-01 7.818957925432469258e-01 6.751089653552720948e-01 3.893616294251002752e-01 -2.213740024917606686e+00
9.417920974032117920e-02 -4.347129715027066993e-02 6.883449398465664171e-01 -4.997892966126690206e-01 -2.528793150429233250e-01
-1.921439471873137572e+00 6.066574831117128586e-01 -5.212204917064138243e-01 1.112916544920488748e+00 8.675528864743564661e-01
1.587943571591775349e+00 -7.127394195663608878e-01 -6.083383541783735637e-01 1.514734423125725149e+00 -1.548872722201464436e+00
8.723790099783476082e-01 -7.506526750148162508e-01 6.499147467150083735e-01 -8.665423170914213769e-01 -1.373245288063905944e-01
2.360974398839102317e+00 1.701607001414874240e-02 -4.980667591036301300e-01 -1.671303271149264802e-01 -1.002612924083748913e-01
2.941802409289741571e-01 -2.481280702691782969e-01 8.906427611898090069e-01 -8.778242701086084177e-01 2.663803522341441909e-01
8.925208280836843810e-02 5.624996201040372880e-03 -1.095347307127890052e-01 -1.612597041855873936e+00 1.828965097711749532e+00
-9.170412816333018968e-01 -1.654247552628800522e+00 -3.374005411892567197e-01 -4.107681134414895574e-01 -3.743537332550634367e-01
2.695149315371387910e-01 2.607328023500451453e-01 1.520559122888950565e+00 -1.394766777260626034e+00 2.621665970995479822e-01
-4.160268894758346603e-01 3.439063833530283665e-01 1.691890780427824925e-01 1.308967669690848323e+00 -2.260082098894312108e-01
-8.698507998747828651e-01 5.105617464474571099e-01 8.135944719792143065e-01 2.786829100324105912e+00 2.548690306166717434e+00
-9.455921726122442639e-01 8.594811278125961129e-01 3.632586319538201325e-01 5.748167540619291138e-01 -1.414206406733721000e+00
7.103104519708101083e-01 4.199823154424465188e-01 9.258829995469148866e-01 -3.865543798056614300e-01 8.720417417421767736e-02
-2.306080981159594145e+00 -1.593844938733383620e-01 -1.162115241908388885e+00 -1.064794266503089171e+00 7.574509965380098464e-01
9.585673432849275422e-01 -6.611157243573482223e-01 -3.464973572942426916e-01 1.803749835414943714e+00 4.927167251200685327e-01
-1.382206289093140139e+00 9.553737023513395599e-01 7.267215630156077522e-01 -1.133818252113875324e+00 7.690250151337344464e-01
-9.672215357494756693e-01 -1.188191642951529764e-01 1.209601586868997547e+00 4.069741381956504811e-01 9.428449389362010546e-02
2.033205459709470642e+00 -1.145092903460529277e+00 -2.857502450494485924e+00 -8.875267994508813374e-02 8.389339935164499829e-02
2.170762396608836742e+00 1.126296781974793548e+00 1.409867638017155977e+00 3.274588887182905417e-02 8.096486600238477216e-01
4.501398980684551687e-01 -1.667767024256371133e+00 -1.849789820895708425e+00 1.396117139258462148e+00 -7.450537265714641810e-01
1.903343733918914094e+00 7.219253815786847994e-01 6.792955819741029744e-02 -5.900643818299917687e-01 -1.926163305963047856e-01
2.947426257344556433e-01 3.971788100851342818e-01 -8.095050938566040744e-01 8.352110190635192444e-01 -7.824213752081071727e-01
-5.838483656427124746e-01 5.827959834377326176e-02 -4.253777072705112738e-01 1.225528028452683493e+00 -2.628269552958234723e+00
-1.657427806434473572e-02 1.307725924082602464e+00 -8.101741571298047562e-02 1.181015256507723377e-01 2.103978505463078852e-01
-3.587812042393768164e-01 2.286873869967968043e-01 -1.217658392207298546e+00 2.023831362509951881e-01 1.880802396917977903e+00
7.049808590439924361e-01 -4.722374484851636356e-01 -7.811440003976033442e-01 7.963936409517844428e-01 1.403325887427351093e+00
1.270231945697259723e+00 1.540831622997735073e-01 1.581257845117793215e+00 5.049425084658045737e-01 6.411149681322694249e-01
-4.938457321277230361e-01 2.487266054540202997e+00 -4.423951345568654658e-01 1.204280831469543234e+00 1.590939485755259897e+00
-1.289780089663400187e+00 -4.850465336768950420e-01 -9.232664127764662609e-01 -1.793513896986287381e-01 8.641484376506167187e-02
-4.835192525674226194e-01 7.723063911940178938e-01 -1.036111651791455257e+00 5.487610269312269695e-01 -6.137312419491745830e-02
-4.181522886048760768e-01 4.694537488519711643e-01 -5.690946548631596880e-01 -9.957521501431052524e-01 2.433912592487182114e-01
6.125273821697651000e-01 1.090889067956242853e+00 9.499093719246463063e-01 2.832561999223993099e-01 -6.725440420830700594e-01
6.221347605905618305e-01 -1.425057593707565351e+00 2.127229996341285512e-01 2.298927331893537429e-01 -1.804964432187773582e+00
-1.667157346692394793e+00 5.634371842452299273e-01 -2.145684258819847146e-01 2.680847392360249160e+00 -7.135370971789454231e-01
-2.304590811852857690e-01 -1.262243560571906231e-01 3.673178796411583763e-02 -1.723127616192458023e-01 -2.445209063638161262e-01
-6.568728211133987305e-01 -2.273821608704229280e-01 1.019013037142136646e+00 -1.302328823817332282e+00 -7.026113932749329383e-01
-9.046737380359534675e-02 -1.115846285770620172e+00 8.160310916749738408e-02 1.793571551632253902e+00 1.281383002704126195e+00
5.811177582008979908e-02 1.069035591248385764e+00 -5.042456034690007138e-02 3.866360365082974204e-01 5.634212912613774105e-01
1.722854023481971808e+00 9.073525834511019239e-01 -1.405829038072942794e+00 5.179719616870196441e-01 -1.253820129676249395e-01
5.692906429820070446e-01 -9.481900021761893171e-01 2.255433267429833855e+00 -1.457154531429076361e+00 -5.423902848176685998e-01
8.760860455274527281e-01 -6.801381865373352653e-01 -2.084032021286127190e+00 3.304115991652265549e-01 -1.639762866919678652e+00
2.609687135302329319e-01 4.706918168275064235e-02 1.586128434818942834e+00 -4.909588164790584797e-01 9.268037294470690690e-02
9.186630263230549653e-01 -1.311645079850569218e+00 -2.513289162587268866e-01 -2.312069536113880441e-01 -1.048574198275269986e-01
8.207691952288920234e-01 3.247851170677318322e-01 -5.112693009191595639e-01 -8.006152385920649595e-01 6.750574571531816614e-01
-3.829364659987297692e-01 -8.473992928450890805e-01 1.217043916660883518e+00 -4.063839204806975469e-01 5.692572415642769279e-01
-3.663316789565243536e-01 6.418299751799811936e-01 4.018165753956479125e-02 -1.990425622138985551e+00 -7.636045473908914527e-01
-2.914028378652300244e-01 8.802744385961305262e-01 3.826482403473312477e-01 -3.895252587696979019e-01 -1.944999166232043164e-01
-2.016975360115626170e+00 -2.727159487701185991e+00 1.993555529232828194e+00 -5.847217512412083984e-01 1.747245041639538254e-01
