1.777575864334780820e-02 9.563045237987977468e-03 1.249812917643583834e-02 -5.621281548164044971e-05 1.703315932683886758e-02
-4.007509535351431312e-02 -3.649572453923304732e-02 -3.055325161184546320e-02 -1.419218820158195393e-02 -2.356532048962958759e-02
4.925448324516815135e-03 5.099099377904064111e-03 -2.859119457682019264e-03 1.614016338324298500e-02 -4.770233364194118031e-03
1.584022780819620974e-02 -6.001556787698605899e-03 1.010933929673652962e-02 4.881132890518083585e-03 1.789265628535755080e-03
1.698553547705234854e-02 -7.231783254334868578e-03 1.085849313770356327e-03 -1.606630536768468166e-03 5.086464146793613465e-03
9.260243894808417933e-03 1.725390299942302155e-02 1.407990318278820076e-02 9.092453334345960980e-03 2.562076526736270163e-02
-2.527880286503743357e-02 -2.344176672789873017e-02 7.569348519838140464e-03 -1.843486631010672963e-02 -4.543521716944711950e-03
3.658739233931961043e-02 1.811886257562501240e-02 2.730219317547738847e-02 2.601163435519860193e-02 4.573781166572147422e-02
1.085118877936527976e-01 8.189729044606199049e-02 7.746360765970387863e-02 1.094394970501378489e-01 8.610785592621442164e-02
2.195439369267535024e-02 1.654629933181087434e-03 -1.938851522392858687e-03 -3.110076291112245234e-03 -8.165534758457706696e-03
-9.370041156010353034e-03 1.793479286600676431e-02 3.618967511194942123e-03 1.900678573384833453e-02 1.790747394986511726e-02
4.519196817335462135e-02 5.109656040479381572e-02 4.538319870060459477e-02 5.797075088046674263e-02 3.512976011950574851e-02
1.973436735019726967e-02 2.047594009702416798e-02 3.129149002455432205e-02 3.208486835479597982e-02 4.310222289261551876e-02
6.881774991858252699e-02 8.314593541146299283e-02 6.441014189373252263e-02 6.624399988319441823e-02 7.894043685912449648e-02
1.654225282549983897e-02 3.402136475119046238e-02 1.463447557968011389e-02 -7.088892459385176016e-03 1.470801311468834284e-02
-6.838027254294771866e-03 -1.450313886452279932e-02 -7.900713795961029906e-03 -1.104542475947566625e-02 -2.019985250430804055e-02
-2.962561220421435285e-02 -2.609982597057353484e-02 -7.597521201262350844e-03 -3.059551538416618865e-02 -3.350653752392634271e-02
3.170774899857795037e-02 -4.724140659598693418e-04 1.998002662399733786e-02 2.413161195482501145e-02 1.039586404757035162e-02
5.026686754304748872e-02 8.568222075256910764e-02 5.050379910088562824e-02 4.505554516278443417e-02 4.765981336182260192e-02
1.866183249157407908e-01 1.831470888927775875e-01 1.890261184749413292e-01 1.983181026419001958e-01 1.735690247090737881e-01
2.019137072355838350e-02 1.352632129094990913e-02 4.046057570015423183e-02 2.537442823740184220e-02 4.800237370855471586e-02
8.393924064786046843e-03 -2.453698202032331653e-03 7.708114032712872626e-03 1.567963847496257196e-02 -1.129216685525401623e-02
1.266717519851736154e-02 3.327983007187803374e-03 4.825757996785627092e-03 1.293715441191963141e-02 -9.413428663547893441e-03
-8.847665709457353325e-03 1.603914793859641599e-02 2.839489944089266561e-03 -2.022862322755384148e-02 -8.943120225529881812e-03
-8.233548484323716110e-02 -6.167485311267977000e-02 -6.602403727014473367e-02 -6.307389169690978681e-02 -6.839844834572028631e-02
-3.745049693490829727e-03 1.054278426733079241e-02 -6.243237080097878205e-04 8.712603468566670895e-03 -5.984113350174916079e-03
2.013182021010214914e-02 6.943347222707388876e-03 6.495775247453896423e-03 5.037783827466056283e-03 1.220006410422415019e-02
-3.997369784760456540e-02 -3.241879206498238936e-02 -5.034001018386933396e-02 -3.164517238476444866e-02 -4.341802460913030126e-02
-2.578941030234025572e-02 1.376806421639855879e-02 -3.516303553119881631e-02 -1.581925357527996442e-02 -2.205668736631821378e-02
-9.635752129526099774e-02 -8.999418225331662358e-02 -9.025690571280529928e-02 -8.770074945794581467e-02 -7.922267247149444858e-02
1.369964672110001412e-02 1.238640590016365246e-03 2.688276715560314421e-03 1.947570488147899390e-02 1.941002637947130890e-02
1.534017328867668057e-03 8.652568084590540540e-04 4.840995160983590888e-03 2.032991528307965048e-02 2.256422315333752107e-02
2.101085438846926265e-02 2.192548420632090336e-02 1.932594839225833944e-02 4.695332810148655084e-02 1.112223057444295359e-02
1.199093871394940197e-01 1.268242426556662472e-01 1.276278700582352543e-01 1.186003900348835127e-01 1.318609480803255019e-01
-1.754056678825145765e-02 -1.089115464196623896e-02 7.798757893781894761e-03 -2.546698304475162114e-03 1.054310891059688634e-03
-1.517428614643074880e-01 -1.405180473873549885e-01 -1.474199636805965108e-01 -1.417055029324988391e-01 -1.427315165961417776e-01
3.987704331328240787e-02 4.083024345116462867e-02 -2.653536567466882688e-03 3.681664273521507297e-02 1.517957470180332502e-02
-6.037565624460769498e-03 -1.331579625388127665e-02 -1.883328749185311790e-02 -4.342121928528262960e-03 1.191238770311272253e-02
-9.836098938769058386e-02 -7.420812038721001647e-02 -8.197296891391686602e-02 -9.750804999206104384e-02 -9.311003154849253893e-02
-6.210280099720372204e-02 -5.617795855149283063e-02 -6.202415441304515165e-02 -4.880938519167674766e-02 -7.635993406477996348e-02
3.609301371387974022e-02 2.250349851034810431e-02 5.072511846741457886e-02 2.951688928443510149e-02 3.462250589736588779e-02
3.778859892591234729e-03 8.338632066383806773e-03 -2.584567313485017313e-03 -1.479948895645917702e-02 5.395820593738680573e-03
-1.274193173803797596e-02 -2.121076432350381576e-03 -6.151124648460782468e-03 -1.394367637156600399e-02 8.380629060654088856e-04
2.820326150389778144e-02 4.687870455093038485e-02 1.257817046154490956e-02 3.289516761570290132e-02 2.911281492736593132e-02
-2.178918294463155422e-02 -1.517956387946754401e-02 -2.723333805586619638e-02 -2.778909945404594434e-02 -1.440318093321669990e-02
3.404744333175237225e-02 2.994394325332719667e-02 5.401477891363357792e-02 1.585883742254386164e-02 3.685919271025536043e-02
-1.601584025152818277e-03 2.683423787603669841e-02 1.346212405969747679e-02 2.394968526276950935e-02 3.363143976951829539e-02
-6.682373465148596856e-03 -2.932624954116120133e-02 2.831374472008664489e-02 1.339660465994745291e-03 1.637524254474538674e-03
1.145678970508344670e-02 9.903006671767702884e-03 8.727581460324677562e-05 4.380600060205101440e-03 9.651425198314666706e-03
-3.076377112112771428e-02 -3.208782648710940127e-02 -3.668565210617022454e-02 -2.535154470646733965e-02 -3.950602358237071537e-02
-1.938610816266045020e-02 -4.313823944285359591e-02 -3.226776233007436212e-02 -2.372706256634750030e-02 -2.370366610608840366e-02
-8.879940502006021530e-02 -1.001670952465843201e-01 -7.004407818575893174e-02 -7.276415258772063466e-02 -8.932103437352548192e-02
-1.690195184961225047e-02 -5.440641104976442870e-03 -1.488290502724751163e-02 4.407586514719432670e-03 4.662551007390089430e-03
8.595941952970500427e-03 3.453890136052879724e-03 5.489343462303624029e-03 1.100987534611614672e-02 2.722485166183237840e-02
7.384158359032101659e-02 5.995588152045167735e-02 7.561257469574209078e-02 7.620688414452211901e-02 8.009399526841792794e-02
-2.499884457947872726e-03 -2.960832998430151970e-03 -1.102889654272450753e-02 -1.395999460657416577e-02 -1.655219111791013734e-02
3.009570673905736377e-02 1.302867073897204415e-02 2.837690496237338031e-02 2.385344121477618942e-02 1.800316570783173920e-02
5.642015236966640111e-03 2.322256735098156624e-02 4.186388068629397392e-03 5.051921688716497476e-04 1.847267326932166545e-03
-1.313490649621488517e-02 4.960240447056864926e-03 -2.916694109838031956e-03 1.023031330360903331e-02 -5.499200380436640619e-03
-8.863336878708820421e-03 2.410858934770970362e-03 1.040347013118210571e-03 -1.218015775914131453e-02 -2.420726872757015397e-02
2.225683696625070651e-02 2.265756062815322061e-02 -4.241324121656928764e-03 3.223919035316050175e-02 4.328909580493860848e-02
-2.338110292485382283e-02 -5.085173383421236204e-02 -2.418923492780448298e-02 -4.134752000716625242e-02 -4.589893706613248914e-02
2.335208772821980444e-02 3.899124524947462922e-02 3.785952969092458431e-02 1.775691052420424326e-02 2.279530674969505299e-03
2.415924606976052949e-02 1.488743699893343639e-02 1.199084763508798460e-02 9.604476912834744237e-03 -2.156071641166676465e-03
1.158705345507839990e-01 1.056676121174546928e-01 1.010655533158485997e-01 8.548033537525860648e-02 8.941791968235601740e-02
5.351888913994005438e-03 1.607504145355882416e-02 -4.147223035154504536e-03 2.202763611716132552e-02 -8.817770477988011966e-04
-7.270275933387195313e-03 -1.086276690596685995e-02 -8.589468750889353577e-03 3.642718096026853220e-03 3.103577264843992989e-02
-5.076217229214963211e-02 -4.226658274330866855e-02 -5.489902228437945619e-02 -1.945452034005944533e-02 -3.338963177687815503e-02
2.212565625466301339e-02 1.324831680583019554e-02 3.013713377467424140e-02 2.340917441344208053e-02 1.400489688751857704e-02
-4.047359181183705912e-02 -2.052026750040976746e-02 -4.833036488413679915e-02 -7.311985819444595525e-02 -7.676838327207755053e-02
4.514541561925215080e-03 -3.136180755127521147e-02 -6.566931625664151374e-03 -8.575433940943164024e-03 7.653304649362388610e-04
3.258716996125587961e-02 2.652634642302220680e-02 3.321695931552864217e-02 4.321129532982703747e-02 1.969185779353433211e-02
-1.978141756706534860e-02 -5.305263531558092847e-03 -3.001907831529401771e-02 -2.209936783878415842e-02 -1.842916374066919799e-02
-1.178128916018466796e-02 -1.266258256463604140e-02 1.092489079055986370e-02 -6.013479954763580222e-03 7.771198572672504030e-03
-7.873322550698481914e-03 -3.200771464755262918e-02 -1.909737566480738946e-02 -2.666173989944208358e-02 -8.666915101743713143e-03
3.255904202687443655e-02 3.961348165240176356e-02 7.920800057490211266e-02 6.357483615924035270e-02 5.512531443809604026e-02
2.567074096966932145e-02 1.848761392595041353e-02 3.064600910349866286e-02 3.034547203332962212e-02 3.076899483968129415e-02
-6.193020098091858022e-02 -5.431797577369592428e-02 -5.411263762126648086e-02 -6.734819297569658025e-02 -4.580076687578116951e-02
-7.481593053773176460e-02 -9.192195454925219944e-02 -9.994710099870589282e-02 -8.975134151617711331e-02 -1.259651846463203384e-01
1.300201764268062751e-04 -2.689603503309058972e-03 -1.129043356480862251e-02 -2.196327344321121963e-02 4.054576028876052431e-03
2.212280364304268498e-02 1.096051161426549701e-02 -1.541108414369016114e-03 8.640218478545800065e-03 2.224737236261205633e-02
3.592742423363716464e-02 2.855107428394627195e-02 3.037511981824430121e-02 8.865220761321252613e-03 1.993404339689182694e-02
-3.264430370516646640e-02 -9.075643412773981220e-03 -1.756725509853203013e-02 -1.992141047588797884e-02 -2.797248143847379589e-02
-6.059818614742950443e-02 -3.683575706178666975e-02 -3.936914718668591689e-02 -5.415347718778847075e-02 -4.021624193625211036e-02
-1.938552789610435007e-02 -1.043218145854078217e-02 -1.515902337731142753e-02 -2.834238829776339688e-02 -3.212011158996817134e-02
-1.054288319882326075e-01 -9.181039656149599104e-02 -8.415804269080752464e-02 -7.747524607653881457e-02 -8.778192884522496853e-02
-3.769745390467669349e-02 -3.516818634359480944e-02 -3.393289935715435024e-02 -2.786910790998557014e-02 -2.554363496675327722e-02
-7.408474656099436895e-03 1.006053452626109795e-03 -3.205911078768544729e-03 1.030575634721935538e-03 -5.181187660366797128e-03
-3.180692382536100954e-02 -3.431462998923059254e-02 -3.876430713450159521e-02 -2.446192635151224481e-02 -3.096045595881665585e-02
7.715312947685762368e-02 1.006789110210512678e-01 9.496231341504653145e-02 9.151270255753501948e-02 1.020233935461404701e-01
3.861102308788508242e-02 2.688733518215991047e-02 6.599439412944260730e-03 2.960205981311969312e-02 1.295005361944695683e-02
5.750410737639297803e-02 4.197171345754016625e-02 5.375960979535303330e-02 7.749151500026939254e-02 6.934517724111279036e-02
4.985066349020346455e-02 4.491950349112375923e-02 3.715482318691101099e-02 6.091027284664683739e-02 1.836471967237388730e-02
1.579785708023327684e-02 2.426731541098294323e-02 3.685138163736418476e-02 2.041246776392633203e-02 2.976896171490905907e-02
2.184705264519094456e-03 -7.287144995827603278e-03 -2.636057446866988101e-03 1.121207669572245455e-03 6.776690722159749679e-03
-5.472088638377239217e-02 -4.621950216639975073e-02 -5.243697690223427660e-02 -4.524968259723550351e-02 -4.836356003117011498e-02
-2.896774986024625020e-02 -3.563665536908430798e-02 -2.971203390656726104e-02 -3.767097536156809728e-02 -2.077177147379606972e-02
1.750967793436294245e-02 3.090942747047558965e-03 1.443906773089670935e-02 7.615008656315661907e-03 9.659916074973122491e-03
-1.868027974544283782e-03 -9.690323795388684422e-03 -2.033630961433333106e-02 -3.405988843314806253e-02 -2.706106187278111211e-02
-1.122474260035703636e-01 -1.029297836002370375e-01 -9.812261672064126472e-02 -1.080595892836012789e-01 -1.086414197539265075e-01
6.393921580129288684e-02 7.560873040664682632e-02 9.712580212906878063e-02 6.021530761148249922e-02 7.062888046893966987e-02
-8.951218052343787313e-02 -9.013179138784284394e-02 -6.666783046868395013e-02 -7.968648721840321247e-02 -1.052011796085690620e-01
-4.400008224329019293e-03 -1.890118285284906252e-03 -1.574336876120605022e-02 -4.904268721427141806e-03 -7.764053624576610843e-03
9.234668948690134826e-02 6.865242455543242583e-02 5.894937062965131119e-02 7.583634271289962925e-02 8.105095723081975900e-02
1.708957236935700758e-02 1.020630159454054796e-02 8.359861388250731593e-03 -1.488207089754818753e-02 -1.066610488893501157e-02
-2.647310984810645734e-03 1.339078421986632760e-02 -2.742317507938984034e-03 -2.089196269766030109e-02 1.150204365195146849e-02
1.359442017631484409e-02 3.973504213902526866e-03 2.117003625410759753e-03 5.931871490715061486e-03 -8.854851561748830133e-03
-7.552270582563505585e-02 -7.524065978486134398e-02 -8.064140418188306403e-02 -7.018755103997947886e-02 -6.323530555181539059e-02
-4.648116905409548777e-02 -5.825184904408768627e-02 -6.818157001308572385e-02 -6.227751667929535412e-02 -6.113849156763438014e-02
4.680050811984847467e-04 -9.337076514121123855e-03 -4.852295489144100617e-03 1.754640165927555742e-02 1.097472428305039729e-02
1.966773126744938288e-02 2.071469033394881740e-02 -2.882052457428361213e-03 1.776165464097432395e-02 2.454778137860640563e-04
3.189615873839127952e-02 3.526689009356294424e-02 2.856879467711149687e-02 1.964379851667263227e-02 3.159846554344443448e-02
-1.801768352874370469e-02 -1.349487368583151062e-02 -4.821535486646065516e-02 -2.637471477498970138e-02 -3.102847954532450547e-02
1.740734017591126503e-02 -8.696034017847622741e-03 4.363307246808748025e-05 7.808919753881895381e-03 2.222787629118180494e-02
7.122942526421174869e-02 7.333691725678607998e-02 5.680388128040748941e-02 5.166629903073766822e-02 6.775231223368484434e-02
6.990138025532216526e-02 6.010000113133669858e-02 6.783661019400771819e-02 4.426870696108869963e-02 5.586956824196835647e-02
8.908048977022872683e-02 9.672790465896942413e-02 1.026878748466707458e-01 8.207606886791379841e-02 9.602185790101654128e-02
-1.851689698999053196e-02 -4.058452649436710552e-02 -2.663687524143347474e-02 -4.083022125319540202e-02 -2.814424266395726751e-02
3.909505055835475751e-03 1.019982779072276316e-02 8.281519128109029668e-03 3.262123664620428243e-02 3.564588446156610746e-02
5.257640611816890436e-02 4.325847397759993024e-02 3.735283648241378984e-02 2.218957934632690213e-02 5.576035640396199977e-02
1.198767942859392532e-01 1.174933370027073098e-01 1.392204562227790654e-01 1.158642405958443811e-01 1.125886153128887596e-01
8.706552505171633038e-03 1.138673726869531000e-02 1.286122403770030738e-02 2.095192506848674377e-02 1.176137495536394920e-02
3.976148022019909689e-02 1.810597027921904967e-02 1.284766159765097018e-02 2.933656756732918452e-02 -1.444401250920209412e-03
1.424259511494833097e-01 1.456748794508453959e-01 1.553755329746016600e-01 1.278086592460198623e-01 1.212776821376768954e-01
2.371457222777932292e-02 3.025883322325874022e-02 1.244949703046466412e-02 3.564332437700246103e-02 2.958240651506737623e-02
-3.665152456699546923e-02 -6.017579453459456773e-02 -4.354110659357534469e-02 -5.908668543635651332e-02 -3.780108053058860162e-02
1.726552366426192114e-02 3.076615262361338810e-02 1.809903249642684162e-02 4.878543909939968976e-02 1.320951281490515342e-02
3.632102539940369745e-02 5.687079207373058054e-02 2.486021823694590377e-02 5.429090138996064269e-02 4.495319805698966276e-02
3.246462240182466930e-02 3.047585457782485407e-02 2.663545095469843291e-02 3.383136055844940260e-02 3.605519410355451787e-02
1.059600014067591106e-01 1.254553804413686413e-01 9.151980479592171369e-02 1.165413785506529826e-01 1.037729713077238519e-01
-9.014269781446076352e-03 -1.774826022896685770e-02 -7.346030423881306712e-03 3.243142844152934259e-03 -1.623625467476233833e-02
-4.304646500016855171e-02 -6.386060548536434678e-02 -3.747650574843854748e-02 -3.911446597913587758e-02 -6.187002463348173498e-02
-4.405248825352570856e-04 2.037233042700838104e-02 5.225321669620859588e-02 3.201372071164344107e-02 3.431492077970095533e-02
-3.921583243561280879e-02 -2.407539811710727312e-02 -3.216124191153054562e-02 -2.584901534939832921e-02 -2.696921413625223002e-02
-2.821557626385080841e-02 -4.416956762873730513e-02 -3.010244168506755191e-02 4.183064193358739837e-03 -9.959041723423916331e-03
-9.235350125516865460e-02 -7.627210987339830273e-02 -8.290336802624295731e-02 -8.649741680738096128e-02 -9.000177925895892772e-02
-5.603183624130955026e-02 -5.581190735514910545e-02 -6.520600471427721867e-02 -5.297922542734419954e-02 -5.377016121738437127e-02
-8.642067009747237544e-03 -7.694775148429276734e-03 -1.485773103781566976e-02 -1.153847177466166100e-02 -1.916879972868988299e-03
1.535452911945074314e-02 2.588433887130868818e-02 1.331596745514797807e-02 2.144012129512065656e-02 4.697564793989118109e-02
1.422889953896456540e-02 1.353582630119179973e-02 -1.269330812406406191e-03 1.337840010666121711e-03 2.113679913409794234e-02
7.693221700748389957e-03 2.534943891200685043e-02 2.430638077297193108e-03 1.398932748381906226e-02 1.172653663924808423e-02
2.043924367144228562e-03 -1.724626816434764621e-04 2.557558241778681504e-02 1.255748755506622821e-02 2.006011774398589256e-02
-1.316772789559655377e-01 -1.245540266677229030e-01 -1.179140006365671789e-01 -1.323180915785779899e-01 -1.129655876995922931e-01
8.359407617767544707e-02 7.948953850193707371e-02 7.772974791711273479e-02 1.046042708200732446e-01 1.000900465132428807e-01
1.216307620398497311e-02 4.523527017280325017e-03 8.995659079685544221e-03 -1.082269831109609892e-02 1.343473968686917722e-02
-3.783664444110866609e-02 -2.226472437925748962e-02 -4.905212738965516323e-02 -1.691286201064556502e-02 -3.798273842768186415e-02
5.083195623098144683e-02 5.622060270544850663e-02 2.405495836146313154e-02 5.738289183407597333e-02 1.774552314011678539e-02
-1.512436708308501770e-02 4.955320123053625486e-03 7.508687467307830453e-03 -1.548579355364411089e-02 -1.108126640844072329e-02
-3.377396413503404304e-02 -7.511927581160243034e-03 -1.331721637591071206e-02 -1.130142659828575584e-02 -1.613807222792684737e-02
3.055987735689480109e-02 2.080804179576674698e-02 1.968806486410707574e-02 2.282626466274675914e-02 3.120355454138670770e-02
3.791179516021203622e-02 1.708574452129987126e-02 1.984157722021435283e-02 4.073479077216621974e-02 2.431980428559159940e-02
1.008074610236742996e-01 6.063605069242528761e-02 7.313364462618682227e-02 8.610719444072210960e-02 9.010488886117505591e-02
-1.658877278021322899e-02 -4.291497822191794875e-02 -3.721642914653038037e-02 -2.728220314084769255e-02 -4.166841084327986555e-02
-8.792823785701849026e-03 -1.966993658891948854e-02 -2.002060493813831443e-02 -1.149441235144394585e-02 -1.185584649450551267e-02
2.037471022568925968e-02 -3.581026694869235243e-03 3.894004380125049708e-02 4.560910422181526508e-02 2.530978949282756962e-02
-1.561982508658744766e-02 -3.720740143695932395e-02 -2.613193126870676231e-02 -6.724262757672045711e-03 -5.944925644198182854e-03
1.928343208887756122e-02 1.359826895958643998e-02 1.180939867077388135e-02 1.111464883282403844e-02 1.882388892554261173e-02
-3.410743052110803281e-02 -3.548351975367730528e-03 -1.047596163866812077e-02 -1.422205545867323562e-02 -1.450514807644680618e-02
-1.009816577654235048e-02 -2.235606032722161143e-02 -4.953420875776230053e-02 -3.689691160925377689e-02 -2.676487420515908516e-02
-4.166991568398729223e-03 -1.715340238526542882e-02 -1.513800761767586205e-02 7.586375276372110329e-03 3.722921195546340101e-03
8.526532334283368209e-03 -3.445803496392636778e-02 -3.800279169339875612e-02 -2.719029688547533810e-02 -1.219458626286809566e-02
-5.188165240688545621e-02 -4.188495187052219959e-02 -6.946044631342750131e-02 -4.850967962915311849e-02 -3.274593613704029210e-02
-2.416997212675131568e-02 -1.373544063949450576e-02 -5.096312027967220271e-02 -4.055715330390723822e-02 -3.230447930634300097e-03
-4.116355230921419500e-02 -5.790408656884257071e-02 -3.128415087245119824e-02 -5.089656371383882022e-02 -2.779219327101728823e-02
-5.292598792551723302e-02 -5.243135055570066066e-02 -3.094128570310974297e-02 -3.550985706824884985e-02 -6.398622172340946712e-02
-3.087452725665707290e-02 -2.113892441578166248e-02 -2.346072347683797119e-02 -3.258999659053129355e-02 -1.686425865482322692e-02
7.783879234444329720e-02 8.521946048781341154e-02 8.394118400091052368e-02 1.021344203029055930e-01 7.770024465734642893e-02
-4.548120644065165724e-02 -3.607363109409333912e-02 -5.985879361042838881e-02 -4.087734164866514697e-02 -7.505293568604034203e-03
1.783965362849353545e-02 -2.553514211609349965e-02 5.875177896383374301e-03 -2.063505549654429810e-02 3.600897984350309028e-02
-1.044819065382917300e-01 -9.617682526367607454e-02 -6.893258706427365934e-02 -8.498484238314021888e-02 -1.069909264545054611e-01
1.098696805224551494e-02 -5.320510128002898728e-04 5.802622265249282943e-03 1.167644148087677164e-02 1.999378500401108663e-02
-2.562070006597511745e-02 -1.687081944021509572e-02 1.645796100862435829e-02 -1.285675553169409423e-02 -6.527457711952001224e-03
2.071484394526412059e-02 1.288702092538333149e-02 1.032911129990260121e-02 -2.642815552789054209e-02 1.213180762662265967e-02
-1.767136280684762986e-02 -2.742389558424595392e-02 -2.297435897806943128e-02 -3.796991137678471656e-02 -1.721953024247527622e-02
6.270678911354930773e-03 3.306517425336426980e-02 6.769263807760402159e-03 1.390812003213799317e-02 4.469359355511758058e-02
-2.001165916896598205e-03 1.187855166185748136e-02 -9.590636034813637689e-03 6.242394868400545551e-04 7.971442469831774638e-03
3.239116407366109118e-02 1.055913242234244459e-02 1.211708798240090229e-02 2.321184490937309042e-03 7.483707740621194614e-03
-1.585514441769151836e-02 -3.020593296280665169e-04 2.641309000269562862e-02 -3.152184787781782405e-02 -5.353789271007033945e-03
-2.710609433466065754e-02 -8.575323319711437159e-03 1.040788887171188379e-02 7.738911137179606443e-03 -2.705782270140023871e-02
-1.418362625762373957e-02 -6.583750993167796460e-03 -1.587258029180056013e-02 -1.063129868294624900e-02 -2.061301512382290174e-02
-3.539738423176224530e-02 -2.758817924439876598e-02 -2.146883445207111926e-02 -3.244128290095851797e-02 -1.622940497656437386e-02
1.529542391989146405e-02 2.809254259675479648e-02 7.639101258162721807e-03 1.174586907044511928e-02 2.038989922477238079e-02
-3.456223050597007074e-02 -4.759009511150134875e-02 -3.953540450292263725e-02 -4.779224382623407930e-02 -6.379252443825292329e-02
-3.169980936748176270e-02 -4.252755510324247173e-02 -2.643511690168920056e-02 -2.776741113575234912e-02 -1.771360018976992842e-02
-3.430501117438850001e-02 -5.271176297441284436e-02 -4.399845662536607666e-02 -2.366378799976495695e-02 -2.995795334980728974e-02
-2.211429411933257469e-02 -2.295504924729412088e-02 -1.143093043089101922e-03 -3.089338390809555010e-02 -4.727264141536017400e-02
-2.302705924970923843e-02 -1.283663896783278011e-02 -1.514319805985032963e-02 -3.593763899172668086e-02 1.485542332549734737e-02
-4.485734261727981204e-02 -2.327446429649870224e-02 -1.181850802135172782e-02 -4.088412598038126261e-02 -3.729224103839483273e-02
-8.327394566359810901e-02 -6.669052749455531282e-02 -7.229075653478074515e-02 -9.459513747289592656e-02 -9.565859219228196875e-02
1.228730437312568341e-01 1.189916646436388892e-01 1.274535390205393526e-01 1.223511841584205284e-01 1.294719892744375933e-01
-1.338454416485538104e-02 -2.839636410832667782e-02 -4.327261049142899774e-02 -4.986282176903534397e-02 -6.657018903194600323e-02
8.250727270634031912e-03 1.660688731600778317e-02 2.437141207593779627e-02 -1.861311933567459317e-02 -4.808284411194734854e-03
5.344145604330856336e-02 5.628580069228807103e-02 4.936115972215392861e-02 4.830854221129866899e-02 7.255166020438835739e-02
5.188033367257328943e-02 6.799986714952528655e-02 6.476511519773234249e-02 8.009096827174339017e-02 6.541512605324323326e-02
1.754458097339774147e-02 1.249140099724362941e-02 9.435163734831150673e-03 -4.998459983062177037e-03 1.023639131771193235e-02
1.051858330111048352e-02 4.091787934885162716e-03 -5.160710337871015664e-03 4.987738293035378322e-03 5.781351152993829089e-03
-3.287209395533922940e-02 -3.294407961695444004e-02 -3.030203534755708181e-02 -4.871102455034644757e-02 -2.712491314638855802e-02
2.071687394498426121e-03 8.929553204493099333e-03 1.519831447279777932e-02 2.855775969643381887e-02 1.409196099740077195e-02
-4.546053751091083672e-02 -5.377682142945523769e-02 -3.416212346866098759e-02 -7.438181002557822663e-02 -4.634604004849977865e-02
-1.974817550736820623e-02 -5.075308633473390313e-02 -3.876237086662609466e-02 -2.916847463777865607e-02 -6.001399000237026687e-03
-3.150346693878408599e-02 -4.278095261549159922e-02 -6.076565150898391443e-02 -5.513769286592080932e-02 -5.378596816925897139e-02
-1.651331207116888897e-02 4.446894842647561817e-03 -1.416785880035732401e-02 -4.318951183550408940e-04 2.065119093808335041e-03
2.484496204295488786e-02 6.021246176743348666e-02 1.668240638289990654e-02 3.283609412153535440e-02 3.387252023601124845e-02
-6.881919607093178910e-03 6.730294329930695992e-03 -5.620640643253280166e-03 1.581380852515604837e-03 -4.283660649185946218e-03
1.185423835656329063e-02 3.463262761702441510e-03 1.280325262846435976e-02 2.185369362388256929e-03 -6.579335347947487186e-04
7.482006369925059408e-02 5.579842065071195095e-02 9.442032312327415522e-02 5.926434343022009971e-02 8.991734255430344769e-02
1.873444125872241253e-02 1.283512167053191960e-02 2.706712077019508833e-02 2.860886363642879682e-02 -8.212865836317218352e-03
-4.336323710857366981e-02 -5.254550266554148391e-02 -5.838711065678030276e-02 -3.431195035800420345e-02 -5.190851814070075732e-02
2.075494596037363859e-02 1.468715346779427694e-02 -7.662365775748739526e-03 3.248355986681927127e-02 3.955283968258874183e-02
-1.109372336576862177e-02 -2.534627544431126631e-02 -2.902259280074572650e-02 -1.298335003510418979e-02 -2.388837800264348096e-02
1.403734008740593620e-01 1.346837918036185300e-01 1.331556431610677604e-01 1.319125479353226715e-01 1.224705658762455518e-01
4.654044376614162315e-02 4.969808970447811558e-02 2.910565118288629613e-02 3.719951120859681104e-02 1.128970579710303172e-02
6.159653862453374519e-03 5.031830733836022140e-02 2.062657813455903363e-02 1.516927430825123872e-02 1.873877090847067550e-02
-4.633369050971171410e-02 -5.869317327475293694e-02 -4.823784543694529386e-02 -6.034425410613622476e-02 -3.107891130461893150e-02
3.521076407836754241e-05 1.671145242603866432e-02 1.470666911878371931e-02 1.475548560494489327e-02 2.259348707693678918e-02
4.434882662384774868e-03 9.004946814175964495e-04 1.580354941409681940e-02 6.776022821413565239e-04 -5.151219314187471056e-05
-5.447935550057470683e-02 -2.890613601146150083e-02 -7.805512480587782631e-02 -4.068370367228516665e-02 -4.022951323691876385e-02
4.264338359783004934e-03 8.226014621804391205e-03 -5.236350020349952701e-04 1.532606938799667938e-02 1.040378855208083306e-02
-1.859624292570471668e-02 -1.729740124471302112e-02 -5.093995327513800402e-03 -1.694236080744231446e-02 -3.656630161134790530e-04
9.293386682794335663e-02 1.245815845616393414e-01 8.792520330314064492e-02 7.751052429703492175e-02 8.623945993608475580e-02
1.084147546943625001e-02 -2.293343644033961348e-02 -1.419602464193949788e-02 -2.917801805441165228e-02 1.466950252660338509e-02
2.656602675236556521e-02 9.452408760445228306e-03 -4.775472060387705477e-03 3.907356508708278303e-02 9.970965438669092407e-03
-3.087848420450632903e-01 -2.841022725929386317e-01 -3.132436757049006926e-01 -3.141362475790229203e-01 -2.978076773106803077e-01
-1.959130320871712780e-02 -1.659267178644357327e-02 -4.880551996908292361e-03 -2.537627760619696332e-02 -2.545056554499712520e-02
-3.436739983062578330e-02 -4.735680613389466748e-02 -4.519294400335385764e-02 -5.737523612778956672e-02 -3.909115208813414288e-02
-4.804584528800146664e-02 -3.997640430196568173e-02 -4.804697972646369136e-02 -6.509673203929537688e-02 -6.387192852340120575e-02
6.753196332150034065e-02 5.201677938183059402e-02 4.122917208861794774e-02 6.462712753099275620e-02 6.010474688766285351e-02
3.848756776840156490e-02 2.025093654351665245e-02 1.503296766241921621e-02 4.461450326166076230e-02 1.787386273468894934e-02
5.290441406057579815e-02 4.564911968730885061e-02 6.312238485125307164e-02 5.745636695593019094e-02 3.928379412501662588e-02
-1.087430575505358293e-02 -2.526981149364259868e-02 -1.816321155287194816e-02 -2.375226389608918465e-02 -2.627801464147598576e-02
1.076682588099432680e-02 7.650370671536702201e-03 8.421281813507347502e-03 1.454964526192484113e-02 1.853901364594824977e-02
-8.177348920919677577e-02 -1.115021468493023887e-01 -8.563127808120997442e-02 -1.015286176699146115e-01 -7.850425428766923119e-02
-1.957923348570785385e-03 -2.308140864147139107e-02 6.806868509043166766e-03 1.430388339575343641e-03 -4.441757869892560412e-02
-1.845806751381141864e-02 -1.591658251741219846e-02 -1.100880342575537296e-02 -1.102408575025778589e-02 -2.997889982930647141e-03
3.370443983321298048e-02 2.111289621384124238e-02 2.617335045332663118e-02 -2.594131892809351143e-03 2.360789539011697719e-02
9.534490701402602297e-02 8.426298569301514385e-02 1.188789305679098379e-01 9.733476916755635922e-02 8.454432717969587174e-02
5.490211740154483239e-02 6.330319913181230163e-02 6.753288973096049919e-02 6.715259414509577862e-02 8.134858209905522497e-02
-3.610654677016615112e-03 7.034172132439001600e-03 -1.258027190145185508e-03 -8.510666728041280105e-03 2.809749287379049217e-03
9.104846861852151918e-03 9.509595184955001862e-03 -3.929537678350597356e-03 8.288338362185150923e-03 9.936595686094819302e-03
3.161717690410539849e-02 6.272779696644702196e-02 2.665651555600579217e-02 4.829871795225013781e-02 5.411563619147810589e-02
-6.120568377036839092e-02 -3.818354439977147269e-02 -2.495656818461421469e-02 -2.027757757382697007e-02 -2.838558528732723282e-02
-4.624791092595810504e-02 -5.838764862608389339e-02 -4.015172902587944848e-02 -2.589492008835022480e-02 -4.871895350855347251e-02
1.068362556645115896e-02 -5.743361910541549924e-03 -3.077764163541415413e-03 -3.967246361620838102e-03 -2.067138858929559384e-02
1.710531316416967137e-02 2.902728367465136697e-02 2.704790126263872246e-02 2.683707959886395128e-02 1.077371209305535982e-02
4.541368659003787445e-02 4.214557986834813197e-02 5.393772914836562210e-02 3.619963830636042934e-02 2.488077693547385491e-02
4.611166784041985378e-02 2.594531993951688931e-02 4.795926095768731495e-02 3.158753811052747440e-02 2.287178628146528669e-02
1.360022639097895336e-01 1.261697595944194228e-01 1.434841153667615887e-01 1.545745077299674197e-01 1.319921626418801008e-01
6.619077463010239470e-02 4.214647214225059058e-02 7.834288371677228247e-02 3.840452239338928986e-02 5.714407735068968014e-02
-2.084332513982059543e-02 -3.894807535988704938e-02 -1.466252812576757797e-02 -1.602683918496114468e-02 -4.030911685841435943e-02
-2.903610546803334969e-04 2.630212812209044987e-02 2.262269887197803850e-02 3.109521533581103073e-02 1.487083524351986291e-02
7.337150399011231616e-02 6.528071039059442360e-02 6.730062449555258841e-02 7.734392809786846956e-02 4.708169573276764497e-02
1.005753510589480447e-02 -1.759998048749505549e-03 -1.633829231165077889e-02 -7.683207416869565834e-03 3.489453836175180745e-03
-3.358579082843476948e-02 -3.713253115801531251e-02 -9.698746673444324021e-03 7.615389689857721481e-03 7.224357624594999680e-03
-3.889756653084098376e-02 -2.703681300430928192e-02 -5.180494547874064937e-02 -4.564329674537048742e-02 -3.630468124640497812e-02
-4.473514686268023621e-02 -5.778126494773033750e-02 -4.090872397481919859e-02 -4.412858675444833456e-02 -3.042476513460647125e-02
-5.595153376656007010e-03 -3.220904030062754497e-03 1.928399230683357571e-02 6.671112375766228772e-03 -9.592246439387037624e-03
8.698952094507496693e-03 8.203814185050077937e-03 1.015253512983338132e-03 -1.202350154125456788e-03 1.600034466940932973e-02
-7.065092362387192550e-03 -1.895089501641706448e-02 -1.593294785375752934e-02 -2.916020985805638146e-03 7.676987254138684623e-03
-8.904302603767594304e-02 -8.860566313801690463e-02 -6.605047083919908524e-02 -5.534838234777160471e-02 -7.732644463869364770e-02
3.536033575885542263e-02 6.125810627445681111e-02 4.049251668262481701e-02 3.950637784038753958e-02 5.135078321054045020e-02
-6.177444330048289731e-04 -8.994249950020200696e-03 -1.399215616691947689e-02 6.009346619189482284e-03 -3.613253326689763040e-02
-2.428905741447369079e-02 -4.110641122870140052e-02 -4.725882688490541661e-02 -5.071511951962411752e-02 -4.664585570479076043e-02
3.051795431745281395e-02 5.811343668508660819e-03 2.239947302128617035e-02 3.518559741044387928e-02 2.622700841983056919e-02
-1.274991061277450100e-02 -7.061267223176961698e-03 -2.004615199740682543e-02 -8.680623960012196633e-03 -1.061253555161123519e-03
2.857447304688848309e-03 4.251734684570599929e-03 1.257065311423040269e-03 3.990203180264892749e-03 3.051098430149308538e-02
-1.002634143174376685e-01 -8.108024808623809365e-02 -9.757660334444749617e-02 -8.146970011051533900e-02 -8.657335317201284020e-02
-3.106715322956939748e-03 -1.937677172744466450e-02 -2.042823795079421259e-02 -1.802981372942550134e-02 -1.305734527804327909e-02
-8.718092819854686426e-02 -1.054307318607217159e-01 -8.009026877157003621e-02 -5.469394474943104628e-02 -8.014404267914947144e-02
-5.042756861392088535e-02 -3.542075657000472860e-02 -2.215335587175002938e-02 -2.659196718645499488e-02 -2.854347423673376724e-02
-2.438717298406325659e-02 -9.847097880713152548e-03 -3.215150309878336832e-02 1.175529788563016952e-02 -1.217634425608199282e-02
-2.982327727068736362e-02 -3.550030590265988023e-02 -3.990332615102629849e-02 -5.943950653305334758e-02 -5.434821736104426815e-02
1.822732545904758028e-02 2.886683876993227649e-02 2.922083574006686946e-02 3.010348025979311254e-02 3.669616532259876995e-02
6.415445939513730357e-03 -1.093657437444587287e-02 3.045751146145656008e-02 1.051930569441971580e-02 2.062741980051252533e-02
-1.109363966998542020e-02 -9.153299608688965708e-03 -1.832459158442916597e-02 -2.070034529107611654e-02 -1.451232130154637805e-02
5.472470682032256305e-03 2.502827166727605163e-02 2.652097741950692339e-02 -1.323118940787281622e-02 6.449382945730731606e-03
1.661958119183222851e-02 3.124032279112113307e-03 -8.118506633560807276e-03 -1.062336837535524797e-02 -2.336634838044609336e-02
3.295973600876092591e-02 4.065129988552124846e-02 5.478845609615521500e-02 3.413105351817588562e-02 6.045959510175095281e-02
1.058245230300461220e-01 9.819077905330939049e-02 9.095133733450555535e-02 8.941676498330118628e-02 7.547590264792206072e-02
-1.303298149876605701e-02 -6.020779143232981440e-03 4.239740579683058154e-03 -1.490976329861645570e-02 -1.847024991166041068e-04
-2.016676904344279382e-03 -5.915273357778240600e-03 -5.367437837034841688e-03 1.399030560603494421e-02 -1.205497893403278042e-03
3.414571050239612743e-02 2.737644480714656811e-02 1.084471149789970924e-02 2.940380456715801713e-02 2.143161596352316858e-02
-3.257473025737685907e-02 6.222556987508650987e-03 -1.629223498311118887e-02 1.339050804482227151e-02 -1.053118502380898623e-02
3.596468775834895520e-02 8.159947643465793529e-03 1.744384233323344191e-02 1.561727107838539394e-02 2.559273733538636880e-02
1.397757681139625294e-03 3.715657782000252561e-03 3.060967650625746883e-02 3.321790665899344158e-02 2.540621265415352742e-02
-1.094707255972993676e-01 -1.263801141529813099e-01 -1.284959009996778645e-01 -1.396577218384008057e-01 -1.250571248870302188e-01
-2.847213290971010655e-02 1.929523721333836891e-03 -2.739522681816770541e-02 -4.794802191344987863e-02 -1.943883541541662624e-02
-7.931317656899477750e-03 -4.940213680488099402e-05 -7.690857731558970248e-04 3.382229296721868048e-03 1.486564606817074308e-02
-1.159105959039788761e-02 -2.848547649766554335e-02 -1.832169951962365345e-02 -2.950601190628484791e-02 -3.129232451380299651e-02
2.064122294064546503e-02 5.006195156837319610e-02 1.646746456232022621e-02 2.563351590296780724e-02 3.375097237372624848e-02
7.656912776175257406e-04 1.196356479507971679e-02 -1.213672940432991912e-02 -1.322353447310921012e-03 -1.464014003113204253e-02
-1.156184296281230657e-02 -7.079160048760749051e-03 -1.640947814057688511e-02 7.133301057547949790e-03 3.278859503693616183e-03
5.773308659774595850e-04 2.145660628676942377e-02 1.971703055774228636e-02 -5.592970539964312038e-03 1.967262952084922883e-02
3.230343831646146149e-03 2.245446778065452939e-02 1.298206303718343890e-02 2.485596475295670169e-02 4.379014715066642527e-02
7.535605019748009559e-03 4.475269523331547837e-03 -2.528500806733181838e-02 -6.856690216445915365e-03 -8.580665002943944908e-03
2.268073694970524148e-02 1.901406775577053898e-02 2.496365650562731506e-02 3.466496008580969429e-02 2.459403237908864073e-02
-2.584551417807399998e-02 -2.182412774173842634e-02 -7.686335131432778592e-03 -8.322880269290710772e-03 1.265505462787114722e-03
6.206332719948681569e-03 -1.762547180112975908e-03 -5.495503897409997549e-03 1.412315729283433914e-03 8.079008317435836667e-03
-4.617087051991857621e-02 -5.124757727430161169e-02 -3.366480366733009405e-02 -2.257244660166377384e-02 -5.387559481604853318e-02
3.643236509530086310e-03 3.207855924801195080e-02 -1.688757114752785548e-03 8.479292885154535858e-03 1.919940312384293621e-02
8.049466096186028152e-02 4.930530146386628149e-02 7.185613227274009751e-02 5.775211158674418976e-02 5.156326494024334600e-02
