2.089019599519465475e-01 1.460682059790911203e-01 1.641746569126756039e-01 1.659385591793803572e-01 1.861673204896376055e-01
-7.343722046853553599e-03 2.602463891827726250e-02 -3.342821873047429476e-02 1.266298341652893032e-02 -7.902463377801792477e-02
-2.353498752926247786e-02 4.646494680436162594e-02 -4.323973052193989808e-02 3.482070146108773995e-02 2.641260491185622866e-03
7.115845660710008735e-02 -2.604816272844288905e-02 -9.163372747688790579e-03 -1.378274646427791149e-02 7.037812894143559601e-03
-5.162039676903584784e-02 -4.711170785053389598e-02 -5.777214143268430240e-03 -3.001506089002061936e-02 -1.467166356676780558e-03
6.196174582683742875e-03 -9.754606072579696460e-03 -6.797162749983058638e-02 1.493648203552505258e-02 5.832202840709506397e-02
-6.242386918401864743e-02 -1.453166542586012237e-02 5.124493503088652264e-03 6.128266649063927179e-02 6.064677667666683314e-02
-4.352405007254436103e-02 -6.356046268470447180e-02 3.477167184058654187e-02 -4.335291874318555200e-02 3.325365757438449726e-02
-2.782078825674556832e-02 -2.436888078373370195e-02 9.350866556818798964e-04 -5.113675784576270783e-02 2.448458198186811985e-02
1.215359701949522836e-01 5.422233830895940854e-02 8.482808283247647574e-02 1.128867372751132386e-01 4.481954162179916518e-02
-4.400992602015368904e-02 -7.397424685917783349e-02 7.524997631675307830e-02 -6.262546744889336756e-03 -5.756782261320248645e-02
-4.134579807865253198e-03 3.938153953820475867e-02 3.001685381372699510e-02 -2.569369807538017872e-02 1.746006552721678443e-02
3.165621376668478065e-03 7.469803716277834474e-03 -3.012116576893073688e-02 -7.702890605551732453e-03 -1.625621975402265565e-02
5.261454884938258914e-02 -7.604843588495283774e-03 5.332488412118783355e-03 -3.230105139042742379e-02 1.737486119653076921e-02
1.858634312696685886e-02 6.657228532808504018e-02 5.741371176976881735e-02 -2.662901248197994952e-02 2.547023925340879263e-03
5.291585742286257499e-02 2.380518169415305960e-02 -7.053688137774893896e-02 -3.150684415572099772e-02 -7.549346341997026366e-02
8.514484749534587116e-02 -1.897435667307228666e-02 9.317433354368744383e-03 9.726825092306040990e-03 4.557954107708685892e-02
9.756442594495595699e-02 -9.791355057765205663e-03 3.469787663128649086e-02 -6.512236423713852439e-03 6.371514160244561020e-02
1.223142044436808552e-02 7.150180891126742266e-02 6.658951912601852874e-02 -3.722492611852083050e-02 -3.390587750931553512e-02
-5.932519618956254986e-02 -4.699246173544572441e-02 2.063581201190168787e-02 8.979524371948056916e-02 -6.961166496004435322e-02
-1.350792036703411456e-02 -1.004639361098600032e-02 -5.134321898338246176e-02 1.466277597811059975e-03 2.649747458625407656e-02
3.755910888895677702e-02 -1.525116497211765829e-02 7.572723717456650294e-02 -2.504250481606005302e-02 1.317971346744987310e-02
1.103369430468920977e-02 1.416538073397523127e-02 -1.509068831811058095e-02 -7.339580173366173910e-02 1.690959537444231692e-02
7.720028560240906057e-02 -2.964927859040394215e-02 1.626307904189760664e-02 2.991239689002061271e-03 6.938270440737430433e-02
3.061322346546455075e-02 -8.392836111365409172e-04 -1.504430766307056355e-02 -2.181553976481431442e-02 2.475299550254186562e-02
1.160320721771573860e-01 -2.108118431465398276e-02 3.052162874498839246e-02 1.302699390490843177e-02 1.490274140474114051e-02
-6.349985339778756177e-02 1.638716145061949042e-02 1.874845477456155846e-02 1.413659876752492925e-02 8.606176183775786359e-02
-8.001108393694600363e-02 -5.818163797885617800e-02 -6.614261484826149118e-02 -3.624469422950822584e-02 3.388979836241567956e-02
-1.476885203279069969e-02 -1.089228569711835938e-02 2.573857208406384739e-02 -3.336190614780685376e-02 1.695698029276644300e-02
1.208777042557737103e-01 5.999993870423613734e-02 9.558551312240301523e-02 8.027766651254253372e-02 9.083641006782633420e-02
3.221107708622718280e-02 -5.718893014557963755e-02 -6.640720141272163585e-04 -7.472420497938581097e-02 -4.757482714553779024e-02
4.392116753290471048e-02 1.586319721829774695e-02 -1.774706888230296459e-02 6.999704680103623414e-03 1.625357851570324516e-02
2.148552793024574581e-02 -3.907446340509487803e-02 5.390866942483763663e-02 9.277372683124184699e-03 -9.035045037263956256e-04
-3.410867392805620735e-02 4.698135252990597033e-02 -1.468118510696950728e-02 3.293139991568475814e-03 5.849105325476654932e-02
8.536356779444692969e-03 7.393285280226340704e-03 3.994055638096181970e-02 -5.713006658242345687e-03 -5.982092451356190582e-02
1.569462533756069700e-01 -3.096664486652137699e-02 2.420739632835565425e-02 -4.833828307417141479e-02 -1.003321751914903765e-03
8.417909283903259737e-03 5.671143337314774220e-04 7.086793531605992125e-02 -3.198598835456843703e-02 -8.226450765651215774e-03
-1.850788858771502954e-02 -8.176477469395869446e-02 5.342753804713187837e-02 3.609809580803332446e-02 2.160812531506627748e-02
9.662065120888288505e-02 1.531683929483395636e-02 -1.195445322845121788e-03 2.951597245180785645e-02 1.220883076432610764e-01
6.425443203524570934e-02 9.603554174394476547e-03 3.053550472701789878e-02 -5.461823732350145483e-02 2.720327186038076772e-02
-1.536356683396291820e-02 -3.165353962648669028e-02 1.842381775468777873e-04 -6.617479997230108282e-03 -2.451728490813556358e-02
-7.719058546497496731e-02 -8.053736970867571288e-02 -5.473159644662201062e-02 -9.841584905413902629e-02 -2.868702746734133960e-02
-2.546916113618301683e-02 8.150433989168023863e-03 -4.206395782623532920e-02 -7.475473039841662795e-03 -4.953185058644990479e-02
-6.073703327342191288e-02 -2.121350467612024074e-02 -4.495940946187315657e-02 9.149500106008534930e-03 7.365792769643514197e-03
4.804015839887992509e-03 -4.766502536435208472e-03 -1.057515763283641691e-02 2.581206097008396580e-02 -4.818557670737740745e-03
-2.493783522401684175e-02 -6.659978540674788353e-03 -1.470227419518762083e-02 -2.770932560209976234e-02 -2.136122916275625186e-02
1.331779874003109765e-02 -9.220918287990891374e-03 6.423427450960662692e-03 -2.464718548564370781e-02 9.819134078823754663e-02
-4.770410616366331513e-02 7.579623920281468828e-03 -2.169959621301000702e-02 3.412185811680957560e-03 3.179791122650113544e-02
-1.477103366030727873e-02 1.519583623453788813e-02 -1.426435523072950434e-02 1.467090601422933044e-02 3.939811098702909742e-02
-1.116940497878893129e-01 -6.649871243097747742e-02 -3.655299325903800522e-02 1.007887135112765613e-02 -9.766621938565936412e-02
2.441698051801374086e-02 3.150053121730068267e-02 3.177143185496733579e-02 6.725283525089044423e-02 5.173502777312702361e-02
4.091762009176629772e-02 1.171151067799691345e-02 7.707243875457688020e-02 -1.783940634009089157e-02 4.541210589686751897e-02
2.714616262876560007e-02 6.829589722055881551e-02 6.207455685776380738e-02 7.566309182126343402e-02 6.765768266768874828e-02
-6.059318282546804352e-02 -9.448500311604308630e-03 3.998812152874386960e-02 1.744754856013863362e-03 2.293759803656887988e-02
1.728419797327219575e-03 -6.697714814955008089e-02 -4.028286846520640063e-02 -1.813386082451825740e-02 -3.552321742401352150e-02
5.116793732524393956e-02 8.870651448045387133e-02 8.333265494643790627e-02 9.178415449709008411e-02 1.257379580811590278e-02
-3.501948809285228281e-02 3.447370718743396345e-03 -1.300831713849263027e-03 1.916019515026324074e-02 1.331626458546745356e-02
-6.062254405003485169e-02 5.355255751444915058e-02 1.350149140678067600e-02 -3.950315076257557984e-02 1.319318645488549990e-02
5.009972947328333176e-02 1.446296146955950747e-02 3.982093141284198667e-02 -1.492443333723262461e-02 -2.640069474916745783e-03
6.184793654085983527e-02 -2.597425339623451250e-05 6.922417128209451889e-03 2.440827584979712514e-02 2.604521860704173478e-02
-9.329867773123926011e-02 5.396604775018225275e-02 -4.161979950548466006e-02 2.961518158203753706e-02 -2.694945223010309851e-02
1.561606343186371093e-02 2.068953527471185938e-02 -2.044922982321647868e-03 -1.225459948629148942e-02 -1.522210835443705591e-02
4.794542656218391853e-03 -4.273284210177728804e-02 -2.881187326847910873e-02 -6.922098495454101497e-02 -5.841516403417830461e-02
7.119757423258886268e-03 1.067407735701938858e-02 3.061895706420466462e-02 1.098374876248908727e-02 -1.655929998856843152e-02
3.997162945137954296e-03 8.030983970977598890e-03 -4.448918017364015230e-03 3.829692514491409971e-03 2.812482026633487953e-02
-3.223236601407965946e-02 -8.107261669629883816e-02 -1.787223303018138990e-02 -4.058454131003313980e-02 -2.759960236527941174e-02
6.377913855626054195e-03 -4.483701389872843390e-02 -3.065808261884782338e-02 -1.390450819262890707e-02 3.288205389820209740e-02
5.303001698439439165e-02 -1.634982612910870423e-02 2.424584822809697573e-02 -4.451993544680981491e-02 3.474253944140543587e-02
-1.758983827874468706e-02 3.868895964540882727e-03 4.117424814808322980e-02 -9.866427170841139075e-04 -1.262946414968376709e-02
1.023485358881227186e-01 4.261373311879768783e-02 2.867243668684518049e-02 8.681438553852666162e-02 1.107403253951294436e-01
2.846635519023433050e-02 -2.445321256784584174e-02 -3.988666316136377232e-02 -3.577319760857968628e-02 3.607758263424248098e-03
2.039199162862197212e-02 3.315188007726532077e-02 -1.603574150352241739e-02 6.336862724395408986e-02 -8.954126750371511900e-02
-3.864867896874950304e-03 3.835895513624721503e-02 1.268124076805274801e-02 4.987079620395554191e-02 7.349202178350616385e-03
3.133201234182399209e-02 5.492138799406943300e-02 -2.815234270634796310e-02 -1.365845676549904894e-02 3.619851530650849969e-02
2.704049648939168410e-02 6.644831173371285038e-02 8.112223633958733082e-02 -4.474310445434644123e-02 2.803416573335275330e-02
3.263127893730317225e-02 2.608157571555147144e-02 1.101562332340760703e-01 5.516980864938952900e-02 8.541038404939009510e-02
-3.509652613539304689e-02 -9.032000072752417730e-02 -1.031365047176485607e-03 -1.157364493012909973e-02 -3.322929269478076125e-02
-7.283035992420878318e-03 -2.647193099125558571e-02 2.673699237567769491e-02 2.907508458206970597e-02 4.369125231766992495e-02
3.643131668198930362e-02 4.729640419204183752e-03 -3.987964802316944224e-02 3.157280010763337946e-02 6.912886104276896870e-02
7.278004840890954508e-02 4.688236307145157711e-02 3.175000816184980063e-02 5.105611946187969818e-02 2.006971784998732092e-02
9.924541625087726637e-02 -2.869031140799932489e-02 7.607756992634236159e-02 -5.401113144486176243e-02 -7.264975359058192805e-03
-3.666901077724135649e-02 -7.007772966457284647e-02 -5.252850535806287413e-02 -6.194224976776977615e-02 2.633487865637216055e-02
1.002005315975808275e-01 4.318065475238825474e-02 3.869221199722579912e-02 3.458179423759527582e-02 -1.159987942997725736e-02
5.559411232556401433e-02 -1.322052421278343756e-02 1.533167808060000373e-02 -5.440074354391971102e-03 3.394624481144213612e-02
-1.302102676083745185e-02 -3.570635641917733333e-02 -6.731846147829315119e-02 -3.697332987147482208e-02 -1.921236670964736326e-02
-1.170477537508827007e-02 7.373932168022839795e-02 4.845954028881410691e-03 -1.013321891114427227e-02 9.912678034072393632e-03
3.543799768101838638e-02 3.689412392470493851e-02 1.809222881682295489e-02 -5.993490292286526334e-03 4.344532032200382893e-02
-5.949657179406292462e-02 -8.474000316320778881e-02 -4.702916513074571758e-02 -2.516965498838174761e-02 -4.251910387203073488e-02
3.297723258493619192e-02 2.970855723795836137e-02 2.575786513825804869e-02 1.542125866778948405e-03 -2.852557140226510274e-02
-5.415387357663165036e-02 -9.041555622826506766e-02 -1.103924717424901031e-01 -2.178420253564585657e-02 -6.011421745824121338e-02
1.382979569578227617e-02 2.996234423178315356e-02 -5.393753834097216732e-02 3.985701637206800346e-02 -4.504189269713390099e-03
-7.226860740514934323e-02 8.881301716610126573e-04 -7.925407029189526428e-03 -3.283959580800725753e-02 6.011213497880633916e-02
-6.062642983248593687e-03 -2.723102425495800560e-02 -2.569345479308679167e-02 -1.150800220842712260e-02 3.109102771796154116e-02
9.363764601345598432e-03 1.136841661570321682e-02 2.732766328992946789e-02 3.588656064203193247e-02 -2.194246703728786572e-03
-7.052388412868958179e-02 -3.079962120891525240e-02 2.859560390402238889e-02 1.068497343237760806e-02 -2.331582638715751915e-02
-8.461104474744099435e-02 -4.855216300059058548e-02 -5.429048237634262475e-02 -4.562245831714759059e-02 -4.430313675665512735e-02
2.883857920571585368e-02 4.654932949093413402e-02 1.458463136430693426e-02 2.508125673909526732e-02 1.410953593534745691e-02
-2.859383796598272132e-02 4.992483960884371713e-02 -1.781017108391658513e-02 -3.807733699032588015e-02 -3.868678795521455355e-02
2.411975934139060432e-02 1.997539158687276425e-03 -4.114856141633204366e-03 3.958298729683140671e-02 1.055156379711908593e-02
8.132089199603800833e-02 7.079976335891990935e-02 3.966121204639687370e-02 2.638434673309068487e-02 8.105468786647473944e-02
-3.718947252303804463e-02 3.070432279961642086e-02 -8.671026230123843673e-03 -8.009714917169620529e-02 7.145487788491407255e-02
-6.546976852036817673e-02 -4.762991567875810711e-02 -3.671411821529465842e-03 -4.180994035250790164e-02 -6.816973684081995000e-02
7.683819595871154221e-03 1.797379923638596499e-02 -5.794715206666022599e-03 -3.602623367703146340e-02 -8.247801891896085202e-02
1.017727041639890362e-01 8.316656620140494560e-02 8.434282029304998596e-02 7.878366772044502475e-02 7.562610927942678418e-02
-1.867109140297190661e-02 1.385122277043336278e-02 7.188073206570341767e-02 -3.371463477267756109e-02 3.035341442812843071e-02
-3.976850603113803173e-02 -5.207574697195534175e-02 -3.088121179652206574e-02 -1.725044288410523818e-02 3.368505250038107045e-05
9.197762914613939744e-02 1.130232981921943103e-01 8.739873721092189518e-02 2.941793977403208121e-03 3.669561278561174478e-02
-3.148295435742967663e-02 -7.388060306021046464e-02 5.415626674588940731e-02 8.268708545805697474e-02 3.225561257395246489e-02
1.373666912705553966e-01 9.149128288264997411e-02 9.940679455522538621e-02 2.876095433751080233e-02 5.938517922731655768e-02
-1.121164872348751236e-02 5.301170763493580872e-03 -2.172442529321708810e-02 4.171442449879150804e-02 -2.150972820683324811e-03
2.435359796162681056e-02 -2.805508043480797742e-02 2.506673418010161268e-03 1.083698656026128512e-02 3.177845160815055692e-02
2.556047154681480998e-02 -1.462934247707522659e-02 -9.962605536770786918e-03 5.495272660367144651e-02 -4.066176104245767392e-02
2.378635236040968493e-02 -2.975975596938479351e-02 3.539244650477167686e-02 1.658455378196196928e-02 -3.603315370342791840e-02
-5.114910444622382951e-02 -9.698570165616638566e-03 -7.967923825518719028e-02 -1.830042969667541397e-03 3.189856005774999864e-02
2.360222592166574471e-02 1.998094095482425350e-02 3.117730897996396494e-02 2.581226610202561056e-02 -2.692590081940969549e-03
-1.507358814533904523e-02 3.048744610123409887e-02 7.783254266006089939e-02 -2.842504140412699040e-02 1.756658577309377911e-02
-8.126754466815859501e-02 -6.757323020809896663e-02 -2.264711649493352311e-02 -1.473604870535447087e-02 -5.924909671991324470e-03
2.510190594293063016e-02 6.341157114344832257e-02 3.901311895441877259e-02 1.813911624348485754e-02 1.408330523573343186e-02
1.376966162788560884e-02 1.067935019421861892e-01 2.775407083742584269e-02 1.515034022085493329e-02 -5.578461995314028254e-02
-2.799032415718624364e-02 5.959444668125517264e-02 4.393072906681223799e-02 6.164628793746789598e-02 -2.827044309154491675e-02
-2.370063555855603590e-02 1.341674238412509518e-02 1.607928027170102761e-03 2.559333028869308080e-02 -2.406886418858074014e-02
1.640871046869495434e-02 7.572319971553390788e-03 1.185500684208336403e-01 7.532180035682055352e-02 1.272644875536180498e-01
-7.341199430598459308e-02 5.048445962081716740e-03 1.538992867681682024e-02 -1.415266845273330069e-02 -1.405042027651534284e-02
-1.967009498195023895e-03 -1.568539664744189252e-02 2.738651944846981143e-02 4.189850226503900876e-03 3.414452009409636030e-02
-5.259669346029999942e-02 -9.887319939931625903e-03 6.796173157026103029e-02 -1.328105256232912749e-02 -3.956205660129354096e-02
-2.196365507528905484e-02 -2.834240837913075753e-02 -5.181114703498794494e-02 -3.892108805179195913e-02 -8.835044564248126231e-02
3.205023046747505072e-02 4.625941551366446330e-02 5.029281621735769148e-02 4.432322296248496218e-02 -1.621279952423272316e-02
4.318040406809256493e-02 1.162452032145692158e-03 5.471634409280006633e-02 2.999651881699313613e-02 4.379747797600772041e-02
-4.825396066733290273e-02 -9.461749038409699233e-03 -2.635866285401551254e-02 -4.086712702455520818e-02 -3.572670667556980626e-03
1.053520978726211893e-01 2.922803473421329776e-02 5.017303189727909118e-02 3.841764836264240784e-02 -4.239227357968462784e-02
1.194777524268585828e-02 -5.539574000401096404e-02 2.834688054403685688e-03 1.325216782105506641e-02 -8.745566881405873738e-02
1.029712325823185955e-02 -2.972690548564630234e-02 -6.252687643062473932e-02 1.619724521825141594e-02 -3.698758636963856566e-02
-5.489614267449247076e-02 -4.483296754063052086e-02 -2.107029271887949848e-02 -1.591875217643798912e-01 -8.386566822435666257e-02
3.918602239354116584e-03 5.372077823428494242e-02 5.212123994623262674e-02 3.755171354260986721e-02 2.040241193112442633e-02
4.214249105403714696e-02 3.282004877256895770e-02 5.550350681236125572e-02 -1.240131573873905907e-02 1.503145258810491703e-03
1.747030783789365466e-02 -1.821310463045868258e-02 3.366769614812537698e-02 -3.632806305760980653e-02 9.070748953696356268e-03
4.297329521200358299e-02 -3.824187354736140881e-02 5.378162000748912264e-02 8.368338633471037250e-03 -7.847183891428100022e-02
1.254370083144925110e-02 -3.952506518325159257e-02 4.901669847632477567e-02 5.831249767132154482e-02 -3.504472310494192305e-02
1.326793732493072864e-02 -4.905739820274816754e-02 3.424370672920960118e-02 -6.183241696845482444e-02 2.566572876319363553e-02
2.207942901552671297e-02 7.357787080604811202e-03 4.937481405458507555e-03 1.304679980747435776e-02 -8.157115732613609907e-03
1.430916084146244792e-02 1.784528986934637296e-02 -2.286459709248640088e-02 -2.562268201409702208e-03 6.019737431616950518e-02
4.267139414923765139e-02 7.715247908689940037e-02 2.980386205270827218e-02 -1.678981343385545569e-02 4.131187476191931773e-02
3.777987767914537959e-03 5.339834384870354583e-02 2.763460078208615500e-02 1.242062772955368922e-03 2.713503222543723389e-04
-5.344280649025747072e-03 -1.899063786510441637e-02 1.113426690349092300e-02 -8.724302331711019515e-03 -9.949751017689013877e-02
-7.538853946599353983e-02 -2.832951372001709864e-02 -4.966455092416663386e-02 -8.731220954129334522e-02 -8.516218612170568802e-02
-1.276703188669812104e-02 -6.166471127094083626e-02 -1.627403972878493921e-02 3.462027086160270051e-02 2.215485357412365439e-03
-2.158229440049582934e-02 -2.292771061466170046e-02 -2.683184582561981644e-03 1.317050350630111395e-02 -9.192937067320544522e-04
3.062336404039759860e-02 -9.159564312880652190e-03 -1.205255821054016484e-02 5.963761106878733703e-02 -5.430381647604307083e-02
2.046784037690352331e-01 8.242941788783166024e-02 1.313770686380994479e-01 1.540543366693191418e-01 1.785777402028027872e-01
-7.322099046895042852e-03 2.327558306154723614e-04 -2.325032623878548615e-02 7.956700377122384246e-03 4.242093478736653350e-02
-4.130443891711964993e-02 -5.571675374008552839e-02 -4.479394705645705493e-02 -1.225772189682127096e-02 -2.683441818488046735e-02
-5.286262587004676716e-02 -6.202865953526660869e-02 -2.275062696060750275e-02 -1.023480505594775335e-04 -1.291215677880873727e-02
-4.117086785812468230e-02 7.561484058927206257e-03 -4.702503138238641606e-02 -6.487284392860122317e-02 -4.851203308403934100e-02
8.792831834563985538e-02 1.531389788787874181e-03 3.343561997712749759e-03 -1.452960652018274110e-02 1.190573120281891370e-02
-2.836533835376845933e-02 -6.919050069650072021e-02 -3.738277160013523531e-02 -3.313102318979988664e-02 -5.700751686340777696e-02
3.691806061710681004e-03 -6.304315181617467512e-02 -7.356016071928932198e-02 -6.300270725892000330e-03 1.165904879102642455e-01
-3.954904521434127185e-02 -3.485057477966240630e-02 -1.953661445560614732e-02 2.819014989835711901e-02 -2.021958314510313021e-02
5.065132728604518353e-02 -1.305598036914038841e-02 8.321376531985491543e-02 1.157449655521499421e-01 -2.978097302944822302e-03
-7.094578947779250910e-02 -1.109784287873168823e-01 1.377160216457744973e-02 -6.619208174523427690e-02 -2.856149404097350561e-02
-3.319859252878238493e-02 -1.067799677850122114e-01 -1.424885586051541642e-01 -1.234928705410311689e-01 -6.817790623882839796e-02
-3.523320077256290872e-02 -1.062437614038552920e-02 -3.032339755097236689e-02 -4.157187100549661340e-02 -7.036311906864917143e-02
1.788071302383951663e-02 1.371939543247547612e-02 2.766952467802037685e-02 -5.098044124740710309e-02 -1.104101249364295156e-01
4.284865754900622076e-02 2.753276663647781161e-02 6.727577050025194960e-02 -1.209887618046904569e-02 3.902721739142361174e-02
-1.218750168308749791e-02 -1.167620688593085446e-02 -4.513039970935734529e-02 -1.858559901310716939e-02 -4.668199981792672815e-02
9.787018519955445472e-02 4.211115387956602951e-02 4.243025537073918420e-03 2.893095837201392628e-02 -9.520815442944596113e-03
-7.553867580236907353e-02 -1.901126278284494264e-02 1.079772453874693929e-02 -4.893660144742179030e-02 5.070085209319905722e-02
2.408366480283850170e-02 -6.746953368640178084e-02 -6.955372360174173763e-02 -1.002760787783229385e-01 -8.188590762000642898e-02
3.552416320961260688e-03 2.715787928581885752e-02 -1.498188218111975827e-02 1.347726709338178432e-02 2.232327082561966908e-02
1.438508362070361202e-01 1.818013290450629094e-01 2.307808350933535924e-01 2.515191578152992102e-01 2.203130694871318629e-01
-2.196850729033627495e-03 4.236109372815505258e-02 3.958046264859644420e-02 2.702963771319369032e-02 4.613097365959759749e-02
-6.223113506848731991e-03 1.477908101153575793e-02 3.887252188445921436e-02 -1.884365071173704428e-02 3.674708282654774033e-02
4.428281447297797296e-02 1.431811296271741883e-02 -2.290259192433279425e-02 -4.112749323028056653e-02 1.261263139466682059e-01
5.413611010463005926e-03 -6.023900386755691450e-02 -8.746695376683824574e-02 7.119150796304513085e-03 2.913629760614928205e-02
7.698585497856920423e-02 -3.618872343565796013e-02 2.614418190951063939e-02 7.597766243392634067e-02 3.684866309200629519e-02
6.683982153032193285e-02 5.904568092558390435e-02 2.401462567027791775e-02 4.912518718269739959e-02 3.950233752474358734e-02
-2.467919683487706378e-02 -1.334206124315417408e-01 -7.367107433309660891e-02 -9.644499473958424718e-02 -8.421279246686161346e-02
3.412268923707514976e-03 4.358558541065238323e-02 8.708658578823391672e-02 2.503425107595643254e-02 8.423576305080529569e-02
-8.449394348230461482e-02 -5.118054622504149276e-02 -5.815591757549504887e-02 -8.564420190387816989e-02 -3.891196520869906472e-02
-2.632561940551009227e-02 3.105398966469028951e-02 -5.135351836431135963e-02 -3.684161090521254067e-02 -1.721655862277129273e-02
-4.905117538623045281e-02 -4.298196913752270337e-02 -4.037302802505830096e-02 -1.896103245897555120e-02 -5.882248506627006657e-02
-4.826852118675627884e-02 -8.650879193004983037e-02 -5.237354027662503853e-02 -8.425300812936893646e-02 4.440549762141883516e-02
8.858591470469558138e-03 -6.699388534951443430e-02 -6.239949118022489888e-02 -5.866971940440952188e-02 -4.029066742720133210e-02
2.200124344578479815e-02 -2.238782870514196416e-02 1.655363182994212118e-02 6.038725433246523722e-02 3.229555297401987424e-04
-9.089164075537191356e-02 -7.977631574691580740e-02 -4.112072866691933448e-02 -1.300569201552093934e-01 -5.422438961534636892e-02
-2.987097244082138892e-02 7.777064678654878153e-03 3.088116483437511328e-02 -4.852436425327612962e-02 2.033279151048526454e-02
5.296841161786837449e-02 1.038731402607381837e-01 6.183751342036478138e-02 2.891932997446907891e-02 5.493176543861082173e-02
-5.086090572478749183e-02 -4.614258621444040226e-02 -4.951163335883126959e-02 -6.970551679735088706e-03 -3.583995694796103873e-03
8.675317153612645271e-03 -2.481746011919937905e-02 -1.492103275655874868e-02 2.658866416861264265e-02 5.613403035533257208e-03
-4.768723936066576047e-02 -1.279245252834246283e-01 -1.246187581791572130e-01 -4.131364539745718129e-02 -6.918559740724329610e-02
-2.655233309631736122e-02 -2.016368901944768852e-02 -7.820332567997417827e-02 -5.888438306546203010e-02 -4.726718326805607467e-02
1.436016440038582424e-03 2.891265786327212525e-02 -5.280694574716347095e-02 1.765576249714869220e-02 5.185970473137980347e-02
-7.026895794872489893e-03 -7.471164948265895250e-03 4.934472406293096552e-02 1.381073573589140790e-02 -8.275799454009469258e-03
-7.772956324378633985e-02 4.533810266909969744e-02 1.486175402082967091e-02 -8.635825996958250428e-02 5.769829966735250809e-02
8.083391303176314449e-03 -6.311881274453964852e-02 -5.949850773704794260e-02 1.934229933946437358e-02 -7.072104340391427435e-02
-5.020030029148195988e-03 -2.582284702814972854e-02 3.055315400794006778e-02 -4.964841434514704471e-02 2.153796398177476243e-02
1.658751832962476053e-02 7.690146010690473988e-02 -2.417840670858251856e-02 4.342005601613866533e-02 -6.047442065646742304e-02
-1.860191407900955649e-02 2.685730191562465605e-02 -1.881986881607416312e-02 2.157137911485242435e-02 -2.001296738786852852e-02
1.732487049629907044e-02 -1.120040467659166525e-02 -1.321246294650933739e-01 5.080926688546911693e-03 4.555495152241625240e-02
-3.945684900795644323e-02 -8.391653866541581852e-02 -4.602718569695893325e-02 7.475057992136928181e-04 -3.041553573735974320e-02
2.597875923201150433e-02 5.042001106196115912e-02 -8.444447728600117109e-02 3.309420980881806751e-02 -8.424462350843002836e-03
1.474170039375267277e-02 3.934366767434026996e-02 -6.692423901471859782e-02 5.497346274757573814e-02 2.328266883127278961e-02
2.347959561550578764e-02 -2.426550511456857309e-02 6.223926056093333908e-02 -2.051064921052260168e-02 1.237872248045254926e-02
-1.230839813580575925e-01 -1.292000404019876258e-01 -1.611357439955845294e-01 -8.746637677263477406e-02 -6.416226538852998207e-02
3.385853670535050874e-02 3.950582167238578246e-02 7.857953103140297157e-02 -4.412354975044971428e-02 -2.363694939141387785e-02
2.338962528456994469e-02 5.947430369376252579e-02 3.057463300474123208e-02 4.307573887349828989e-02 -1.013651735116244228e-02
-9.191220311891562869e-03 4.875541279886504847e-02 5.117713707272637108e-02 3.645032792162181123e-02 -3.904385214125828739e-04
3.448510957664233101e-02 1.798245939544523527e-03 -3.532483924189749359e-03 7.260445441206508964e-04 -3.900438713934905460e-02
8.154940978146191927e-03 8.555959689305651927e-02 5.729291834770040143e-02 9.930980904858399683e-02 1.394391629630433588e-02
6.857089352115226799e-02 -7.321728892072057460e-02 3.798941856872020510e-03 -2.248372200726261178e-02 -6.543680240790842630e-03
3.789703011875729301e-03 2.249619211981787256e-02 2.713594680330867412e-02 -9.416894927432389872e-03 -2.106983574572593790e-02
2.605275959359303756e-02 2.159506946845012390e-02 8.864341867203553993e-02 7.016306833407198740e-02 5.109038667974660775e-02
-2.327249946719586390e-02 -7.844548496438666233e-04 2.096820939570874509e-02 -1.778352980808327322e-02 -2.189227309653558624e-03
3.524587878637636118e-02 -1.735608640175265172e-02 1.059383029173208285e-01 -1.245648078961918495e-02 1.469890948412342149e-02
-8.130338846341877979e-02 2.077585715720381074e-02 -2.265659222631724590e-02 -2.580945473215492947e-02 -4.063611281314270102e-02
-4.511535516261838685e-02 -2.583208538186221662e-02 5.720631885981040943e-02 4.697620958451133137e-03 1.453977921834706186e-02
3.961956990900716499e-03 -5.574993493881968964e-02 -3.301138810326822298e-02 -3.786563628843404167e-03 -4.032388463373744875e-02
-2.428513357250115454e-02 -1.563791757886011033e-02 1.396457889036314438e-02 6.266492164317774040e-03 6.145404196122968704e-02
7.206516136153025970e-03 -6.439281621307567371e-02 -5.056003270471342431e-02 9.141531355819508889e-03 4.619115000459558112e-02
-3.607059609890685831e-02 4.489369663185588388e-02 -8.752301462696518430e-02 -8.037209382434476468e-03 -9.994617985757632550e-03
1.639865233287460949e-02 3.726582161022199552e-02 -2.068453468608042606e-03 1.760956769422817106e-02 5.976943315791537897e-02
-4.446029886084534519e-03 3.653556564503703669e-02 5.446428536962785727e-02 5.077651038739860317e-02 5.741668140724308367e-02
4.074923761100587849e-02 2.935841647687060726e-02 9.344773604067629913e-03 2.281396275549358102e-02 1.592680293289103211e-02
9.455673360803202795e-03 -1.881571831997889618e-02 5.955282540245519785e-02 -4.042339063167459806e-02 2.797423344332761186e-02
-1.323366901224981053e-02 1.615611744511561559e-02 8.171336078817518014e-03 3.288563625497113729e-02 4.525208909835359145e-02
8.115394407728890314e-02 1.112926002051927848e-01 7.394012171188055205e-02 3.528496472289951395e-03 1.019260894073377305e-01
-7.801995656767231335e-02 6.123483325289079404e-02 6.280124329206844547e-02 5.026764248215787739e-02 2.951588074052632904e-02
1.535769867940050756e-02 -2.358736321463437979e-02 1.072759608892489940e-02 3.680695823675536604e-02 3.816102792397137178e-02
3.702145966782847269e-02 -6.799525882805154686e-02 5.303114404927980474e-02 -3.369409498335883268e-02 -6.346421328825041508e-03
-5.557776873292470665e-02 -3.100614316378449281e-02 -4.288022822201988105e-02 4.626052013867611862e-02 -3.098885511067085707e-02
5.817589989010341772e-02 1.939520191257002382e-02 2.255149048940427794e-02 4.620950050163248612e-02 -4.181727807444485072e-03
1.810473317197950835e-02 5.804034856107025998e-03 -5.544577530548155941e-02 -5.208013342919978056e-03 -4.470482459099840017e-02
-2.491441316730084923e-03 -1.332823691573823029e-02 4.468657495521397363e-03 -1.338422844833369457e-02 -1.905931498802561515e-04
3.542208702197534309e-03 -2.596933427313590295e-02 -2.786485631302442270e-02 1.190615849893855889e-02 3.107714338609773169e-02
-1.300395701856807678e-03 -1.519287090038308301e-02 2.464722812839200382e-03 -5.971357675482601851e-02 4.691761595370717158e-02
4.871411704396378523e-02 3.134349433344111452e-02 1.037517689501188216e-02 1.569471059663029786e-02 -1.122753661209600351e-01
3.666682227034117475e-02 3.804014876777623427e-02 -6.400141750942731078e-02 3.479009680147871972e-03 -7.116235733972374466e-03
-8.434605884683912813e-02 -1.043334239858307866e-01 -3.878424197101783960e-02 4.493298881661737798e-02 6.633155599898054797e-03
-1.136367002424726541e-03 -1.478446516756137807e-02 -4.584774106812722523e-03 -2.291406156973904359e-02 1.552221061383911131e-02
-1.709411083575669218e-02 -7.118977661626541172e-03 -1.880256821928459610e-02 3.837142953895880237e-03 1.920467751285117805e-02
1.734640089460041945e-02 2.935541159557137833e-02 3.096768821798305798e-03 1.248353691164440574e-02 -2.968624492296164773e-03
-1.251004398570065845e-01 -5.761105207024039970e-02 -3.764603767785579952e-02 -7.340745882137953045e-04 -8.274460963695831617e-02
3.434548863229860971e-02 -1.146809137517668283e-02 2.730647777337747231e-02 7.565514043035104219e-02 1.447254555475929391e-02
6.437494402885957090e-02 7.813154569647931535e-02 5.274184398050266870e-02 -3.279894964407410046e-03 4.248484744268793412e-02
-2.203166407259449927e-02 -3.745180705267283500e-02 1.141706066230321025e-02 3.884855841599816478e-02 3.569222896119300659e-02
-3.245896206169513604e-02 1.555761599539418234e-02 -4.235592111961600237e-02 5.042581373218032320e-02 2.021758585019009860e-02
1.079774287324912624e-01 -4.836353191350630486e-03 -1.464013016247037169e-02 4.879689106185818026e-02 3.100930244217543069e-02
5.092758870962156570e-02 -6.762274734423139033e-03 -3.052648727754472130e-02 7.067124782588776917e-03 -3.655206245701956430e-02
-6.588171346047852484e-02 -4.957451609514079705e-02 4.864192609224612246e-02 -4.568317156876040841e-02 1.524333423651861273e-02
2.061519327215514258e-02 -3.684473378081121880e-02 6.356390646934582944e-02 1.553610016943191181e-02 2.423476092688581565e-03
-4.242005365181927140e-02 -5.345292811034717435e-03 -4.416196586398671298e-02 -7.093835133560696948e-02 -2.268456031640602583e-02
-5.933137355822822034e-02 2.152535506125408463e-02 5.061766074115706809e-02 3.351698407316129613e-02 -4.789802841590612426e-03
-2.127154520431896387e-02 5.346586167969263892e-02 2.190072157129836078e-02 4.004578866600444487e-02 6.546689657881737956e-02
1.145373817331503223e-02 -1.176350138343604246e-02 2.015475857011549479e-02 2.760812133035809766e-04 -7.193132875240333679e-02
-3.642477724534328581e-02 -2.693392487586482656e-02 -3.047469493899125290e-02 -1.109090905418108758e-01 -5.693793455584789803e-02
5.472165734990749181e-02 3.351378572024976688e-02 1.372240865967443157e-02 1.657222261332223778e-02 5.324279515015338006e-03
9.682626010831979144e-03 2.361829097860199123e-02 2.294011717211174445e-02 -6.545516127108413559e-03 1.511633809510724499e-02
1.012551561070560713e-01 6.558809425839987051e-02 9.557736294392205761e-03 6.385647299819890987e-02 6.126755778132891156e-02
-2.462199697861812073e-02 -1.281683808443492140e-02 1.345039500425254490e-02 -2.943242771541116146e-03 -4.408277403130000244e-03
-5.388339642108768562e-02 5.950822753024873762e-02 -7.425571429472542333e-03 -7.147821618072100480e-02 -1.033359869239477112e-02
5.671467708211504330e-04 -5.617676340681655028e-03 1.611624098039779115e-02 -2.628790524385369795e-02 -3.568917830453682827e-02
-2.418532125436714461e-02 -5.036670550146588737e-02 -7.772198455609736698e-03 -4.731429874063157459e-02 -7.408620330325228764e-02
-2.137828325980265301e-02 -4.115089952513386468e-02 -4.997602816927069341e-02 -5.365953377823040604e-02 -1.952007484822529740e-02
-1.053330426304611711e-01 -1.202887693621376292e-01 -1.494533361812916961e-01 -9.366122297735135493e-02 -1.550555375187520624e-01
1.829995789544415496e-02 8.040187444118744239e-03 -3.070414693459823027e-03 -3.450122294744280282e-02 2.581518733914239805e-03
4.504858994489776419e-02 1.300225818411149085e-02 -4.932861529576659798e-02 -4.127129034611032310e-02 -5.681208111974678752e-03
-1.031385009389467755e-01 -6.407351206180848802e-02 -1.328200800375904655e-02 -2.327753029795535944e-02 -4.237894877549839429e-02
-2.659651325917195691e-02 -4.801611739854756700e-02 6.269731309362860591e-03 4.439908915740191364e-02 8.172168244140366397e-03
6.458529258076992074e-02 -4.785625144294558542e-02 -3.069079631860913496e-02 -1.183885844900245746e-02 -3.237954775363936777e-02
-4.622303276901904012e-02 -5.646607604377978235e-02 -1.911652494635028912e-03 -1.169032816985793449e-01 -7.726817412234003590e-02
2.023831772129511958e-02 9.926936605268012193e-02 7.086226056318548072e-02 6.354745543890077952e-02 7.284648651178737833e-02
4.455526113389561560e-02 1.359831000649287802e-02 -4.578287542135475729e-03 5.697626734249784664e-02 1.933519217887747204e-03
-1.190352725777654719e-02 4.214394340236363168e-02 -1.558324473516336205e-02 2.405299260051882090e-02 2.086652088341072950e-02
4.891647936970516114e-02 4.335533822363900336e-02 8.177039502457511544e-02 1.251479905564753872e-02 -3.149488850230778431e-02
-7.978774825125227801e-03 1.621833922534880734e-02 -1.726394309878849162e-02 3.845996361248154444e-02 9.181930407521685100e-02
7.241040199086881679e-02 3.934977032054230023e-02 9.926050214747959843e-02 9.841132857380244237e-02 -1.191474702412049017e-02
6.438413843819319575e-03 1.536669281092425607e-02 -4.602185022578639956e-02 7.496530101482813679e-02 2.723267461531984207e-02
-1.709195389713764196e-02 -9.733852388633076891e-02 -2.836505992647865571e-02 -2.907375464343160687e-02 -4.969577624990105524e-02
6.117869338996435175e-02 -1.048369755187138729e-02 1.240334246793757880e-02 3.411927928493654200e-02 -3.516337123348273197e-02
-5.661894619816855434e-02 2.975492502526432340e-02 -1.363945586120077214e-02 -2.663730836174620087e-02 -3.788123454893634057e-02
5.707352328871533043e-02 1.408227653591360706e-01 7.947060035472240658e-02 1.400810818893678256e-01 4.970844891959175227e-02
-6.024375888299315224e-02 3.023255829485818960e-02 -2.526214192783262855e-02 -1.084846987452687097e-03 -1.840600817267904268e-02
2.647103051025964660e-02 1.130444008537744016e-02 5.673863831244758266e-02 -1.827522291819656808e-02 2.073791186981536680e-02
1.427925745293180670e-02 -7.776629312248077401e-03 7.436643822483093511e-03 5.779250880736762352e-02 -2.939150144288710936e-02
-9.954259441711509407e-03 3.869076796901021326e-02 -4.704955790445330965e-02 -8.953568059399885648e-02 2.556292357690764447e-02
3.119890679429124236e-02 4.708823836957631848e-02 1.433251459191164229e-02 2.969521650915013522e-02 -2.152659001000891206e-02
-7.014554210178965132e-02 -1.227129855637774103e-01 -8.735931325269112591e-02 -1.320847288194167413e-01 -7.260900741368818412e-02
5.441343073385759149e-02 3.446955938583941975e-02 -1.168217713218155408e-02 8.026156884304991301e-02 1.203001299363126372e-02
8.793836958314807037e-03 2.312754200198927079e-02 2.500852159059224408e-02 1.050117402630608952e-02 -3.907304489477191056e-02
-2.806613285593747426e-02 -2.298942698910217894e-02 1.802217741004569218e-02 -1.150937945250846417e-01 5.892830002909929185e-03
-1.389319701468899777e-02 3.929385183911449780e-02 -2.593311540583270042e-02 4.398854568131431442e-02 9.783525300998891991e-03
2.575068329228145242e-02 2.463993290480499462e-02 2.909103575093392627e-04 3.089742049953877676e-02 5.658791862681056273e-02
-5.151647301656588074e-02 1.582230290517690902e-02 -3.635510824405191466e-02 5.371639340143863350e-02 -4.012385777108991303e-02
3.036478907896610763e-02 1.157940876504119920e-01 8.430766036912704098e-02 1.019362371943470097e-01 7.088095570687580338e-02
-9.266016995440710946e-03 7.803313176710391201e-03 1.474632740236091893e-02 -3.491259927566674887e-02 -7.017976846584401962e-02
1.030997579191636135e-02 -5.435246934768216132e-02 3.382605222470641201e-03 1.539888211061453361e-03 7.589036831989946948e-03
-1.641445248565418305e-02 -2.387919719396644144e-02 1.408168748824741370e-02 -4.127093826101539686e-02 -5.476218374662006859e-03
-2.256594085074584144e-02 -9.564851392339380684e-03 -3.105288847953234857e-02 3.606649543285346689e-04 3.586941658987222864e-02
-1.558279125597338693e-02 8.785365799282864041e-02 -1.801233377828468860e-02 4.414543882877754177e-02 1.369828733510949567e-02
-4.305553644163276350e-02 6.300271232317138266e-03 2.210079136438299237e-03 -2.599882581268078002e-02 5.572278094626683526e-02
-9.328098102708652639e-02 -9.785404528869090512e-02 -8.484952402481671374e-02 -2.074821438289642661e-01 -1.577091784517830331e-01
