6.581064763212618463e-02
1.640322113749466404e-02
-9.705284868240465768e-02
-5.067264839886402583e-02
-5.347044728662324331e-02
3.205694980762272689e-02
-7.572360711736076527e-03
-1.234477016387574427e-01
4.200856831935661367e-02
-7.135997504499129451e-02
4.762475426791674266e-02
-3.101519898608821532e-02
-2.450234876042689525e-02
-5.106369157258451585e-02
-9.370397443335608256e-02
-2.114839359481798797e-02
-1.823201672751146793e-02
-1.082208691147727025e-01
1.184649666574514627e-02
-1.173838038024948779e-02
-6.589491052990968656e-02
-7.024534324666792395e-02
4.338506115734913626e-02
-9.784543800770451050e-02
-2.378203886599204384e-03
-2.201965127742552125e-02
-5.058192183178578799e-02
1.326788930808307232e-01
2.251727016161663569e-02
7.852226010400065181e-02
9.571661219377407270e-02
-4.457961210555854564e-02
-1.380885486279121062e-02
4.065809981355454628e-02
1.096839871101289166e-01
8.518308064647917011e-02
-1.503024099245966637e-03
3.852964915865710917e-03
7.764683230199209696e-02
-8.004413327568565828e-02
2.030603726441076659e-02
-3.962672621484802232e-02
-1.399396804803545308e-02
-8.367330175013040772e-02
6.815684956114752280e-02
-5.944403776042192500e-02
-7.490279952612062531e-02
4.524392527019656385e-02
4.222320513186587215e-02
1.841378302344754900e-02
1.443055962360458716e-02
-8.694529793694198705e-02
-1.188952013994256374e-01
2.616012014123980764e-04
3.835672823231981755e-03
2.455881894158013640e-02
-1.110504058706096725e-01
3.591887595982834469e-02
2.293832542232187091e-02
-6.240871465498825515e-02
-2.454743653299000863e-02
-5.214371077254601611e-02
-1.510865830506579188e-01
1.304248328316848504e-01
-1.150902247229263452e-02
8.102984303825529200e-02
-5.234785472409593521e-02
-2.067118430808337522e-03
-4.046560746264199482e-02
2.080245116362649041e-02
5.256837182084098115e-02
-4.549917944518791502e-02
-3.708099313613670567e-02
1.001589738628447766e-02
8.022187780401211776e-02
4.423879032696228369e-02
2.693084810153700132e-02
3.550433323113923872e-02
7.580134574351878041e-02
-7.514659002323657855e-02
8.398977943375705857e-02
-6.588784807028119639e-02
-5.866475856126185384e-02
1.129129730044673013e-01
-3.702159690728944880e-02
8.919895523766076251e-02
-2.454490734330928847e-02
1.907470476918025903e-02
-6.599824946751865762e-02
-8.714698643089334451e-02
3.268839571263238569e-02
-1.937552359960076354e-02
-5.263268610408521238e-03
-6.879383568929954562e-02
7.686149053353788160e-03
-2.051019550410127651e-02
-1.734185437462761881e-01
-1.487454637758109932e-01
7.725296915255315533e-02
-6.886746740149267410e-02
