-7.752397668142423093e-02 -3.291213430772373938e-01 -8.074673112133814445e-01 -3.631311499464316972e-01 -7.961664333964257878e-01
2.056394250001354784e+00 -1.090993353515444575e+00 2.635757511217139415e-01 3.526523760351837344e-01 -1.274801805513589237e+00
-1.424541752146609719e-01 -8.490943288736306771e-01 9.571232476433479130e-02 -1.883572198700738110e-01 9.698322234201950387e-01
7.409875779324301970e-01 -2.685798714803065007e-02 4.655529198012332837e-02 6.906412907525555367e-02 1.350660957383538197e-01
1.700350312202756342e+00 -5.748872815129183467e-01 4.269030674446554208e-02 4.155582372601084318e-01 -4.118840858855466469e-01
1.733110534272589875e+00 -2.067275293049255780e-01 2.858084428902621377e-01 2.906078934519575441e+00 -4.214145018659847253e-01
-1.733861800049320001e-01 9.332170396448429273e-01 1.486858747950354331e+00 8.192964344795816700e-01 -6.380904884368039376e-01
6.246639092889989531e-01 -1.001171520874474918e+00 1.660316046541314705e-01 5.347128801012399624e-01 4.416638524056630266e-01
1.353697617956073351e+00 8.685561338257367092e-01 1.204854772682356634e+00 -1.335303269043552676e+00 -5.185931147438652827e-02
1.416756283640978609e+00 -1.745835476483269977e+00 -2.771589649121390941e-01 -2.637665181088473254e-01 2.508757728586955338e+00
-4.655892259662587351e-01 -8.966342910197335758e-01 1.058576232885321433e+00 1.034996455937846838e+00 4.096290515640789165e-01
3.490952460392159340e-01 -2.035149070312084474e-01 8.860704366300300450e-01 -1.135303393491519985e+00 -2.111920533076409867e-02
-1.583769321256975893e+00 -8.049464929852185868e-01 8.309946011396377452e-01 -4.051555127834111092e-01 -1.561947044623382075e+00
2.377215917066620721e-01 2.098906080257805229e-01 1.162416599866350625e-01 -4.839108452900251489e-01 1.143530920323119621e-01
-5.666473553137177932e-01 5.481209757143787886e-01 4.498605125385150838e-02 6.495308546650195580e-03 -1.605290613196524996e+00
-8.111167154014815583e-01 -2.302110621405734359e-01 -1.334722127094067234e+00 -6.287703782787343876e-01 2.106737198004686451e-02
4.921034190963423649e-01 -6.258555260860791947e-01 -9.056412010132336432e-01 -5.413253694851994924e-01 -1.919546397449034991e+00
1.793980485192884666e+00 -8.966703385127902659e-02 -1.408001681189513743e+00 -6.030513152077795480e-01 -1.254381120806956906e-01
5.422003717033851977e-01 1.926942547884120449e+00 5.223441719207989609e-01 4.470626459395102281e-01 2.142539060712572940e+00
-1.524858598029301460e+00 -2.667257509933408932e-01 7.465371326957191966e-01 -2.876599705423416031e-01 -1.039650622933529389e+00
-2.572147398758275472e+00 2.079628724512630200e-01 -3.709603325768132814e-02 1.345435411252192237e+00 -6.772887487170673460e-01
1.101564248736666835e-01 8.078189961646602413e-01 -1.763646941003664148e+00 -2.097651929379658498e+00 1.208007058773195030e+00
-1.436254145507457114e+00 4.708228553714970954e-01 3.940775383353698480e-01 -7.089570465509567043e-01 5.066264815426227974e-01
-1.244818769561465283e-01 -4.964681162638319156e-01 -1.612619264134181218e+00 -9.412742641886181483e-01 2.752115605649364805e-02
-9.286585431874274654e-01 -2.479479645144140043e-01 -1.492604722522411054e+00 1.708886520644555373e+00 -9.605403307071253005e-01
-2.633417229586927366e-01 -5.692507182351149719e-01 -1.426378138362838000e+00 4.261877179459422349e-02 -5.244907070677456984e-03
1.438775673577376901e+00 1.527860960342878771e+00 -7.021536751513247632e-01 -6.508010658588324615e-01 -5.127775141747227261e-01
1.255232977543088158e+00 3.029252552023575795e-01 8.006094148344622408e-01 2.218090646713441583e+00 1.183097559929267906e+00
-4.144858432740770593e-01 1.005037157522693958e+00 3.243513726025063493e-01 1.174780965355566309e+00 -4.909766039455746300e-01
-4.720776907685301227e-01 -1.479345944131402080e+00 1.681765266336934239e+00 -1.303004751913441561e+00 -1.974237595385176736e+00
1.356773329538452311e+00 -7.067593074311182000e-02 -2.435566809042741254e-02 1.140679506220486417e+00 -1.432738988803560209e+00
3.002430454311162955e-01 -1.108543882589842378e+00 6.557814676527997655e-01 -3.786116861151490598e-01 1.122244432121595858e+00
-6.720558684125991222e-01 -1.582684369259990564e+00 -1.070464458368999505e+00 -7.814850957109632512e-01 -3.865169809834021475e-01
2.389604425191311221e-01 -3.647499323101889290e-01 3.916474283616945551e-02 -7.576160547834285275e-01 4.306202786363018675e-01
1.432535917570185946e+00 -4.951254760626963569e-01 6.772330350531734489e-01 -2.632654345923377548e-01 2.625724889737446888e-01
5.350337530693197174e-02 1.723407437272698461e-01 -1.301053359223930672e-01 1.009897441031692544e+00 -1.066122177165365281e+00
5.489234664246178674e-01 2.677371762253983878e+00 -4.441362184665745283e-03 5.486494081313498805e-01 -4.278528490497774395e-01
5.539285603914554379e-01 1.678574888566821688e+00 1.092455104167697089e+00 2.556614333719709808e+00 -1.070028237183716202e+00
-6.631222794997277958e-01 -7.924347359931360746e-01 -6.770084302210165328e-01 4.103161738811691994e-02 -9.271047983992450892e-01
1.453871099722074067e+00 6.819112059403578119e-01 -1.478246287332284914e-01 3.108408915299091385e-02 -1.700985799389900799e-01
-9.776505362135110566e-01 -3.471501500830973530e-01 6.066910786038760828e-02 3.561210947877163635e-02 1.208530914063238315e+00
-5.716993555076771427e-02 -2.821505894955007032e-01 -2.975706823539191193e-02 3.947505370986560402e-01 -4.634814313116738527e-01
4.920753245444178248e-01 -9.200282060996474165e-01 -8.480460140162848770e-01 1.161040977002758323e+00 -3.360254439413248861e-01
1.715112607578998860e+00 -4.051800493661371072e-01 9.429369492696391131e-01 1.267582916387787195e+00 -1.188129094973870759e+00
1.142181004289519741e+00 1.024974465679927560e+00 -3.885612355462563783e-01 2.492089890073823921e-01 -9.432090934490222622e-01
-1.891374915699410630e+00 4.887444810376954663e-01 -1.124454518918092116e+00 6.652491506397236742e-01 1.505783045931421871e+00
-7.669522020761718184e-02 -2.721924508965665623e+00 -7.495070912493767556e-01 -1.354011584635119059e+00 1.267663092525999291e+00
6.608865028523862595e-01 -1.244777527761815383e+00 -4.473232960975375705e-01 5.221427043778201771e-01 -9.300276621753699180e-01
-1.666268716355836732e+00 -2.723918289439324347e-01 -4.998935639430428512e-01 -3.681083600546034562e-01 1.504083574177969673e+00
1.098276855302126265e+00 9.791384548071266902e-01 -1.003910610987711838e+00 -2.773836814672129836e-01 -3.187446829123403158e-01
4.000717665022348601e-01 -3.422378995664174250e-01 -1.466144087057873913e+00 1.051003639057305206e+00 2.364775173856938362e-01
7.239873319637654681e-02 -9.623504915855569664e-01 1.105719257575713099e+00 -1.326590433761109245e-01 5.769349404403393278e-01
1.767247508694137936e+00 8.231788502942838370e-01 -4.895763353931933959e-01 -3.088409947031105496e-01 4.095098664702797597e-01
-2.174582697074494142e-01 -5.167136898238332554e-01 1.011103599912515083e+00 -1.454317054084827698e-02 -3.509897169132407679e-01
-6.307291144040815256e-01 9.598305515888626571e-01 1.738033841293288084e+00 -1.674676321082172903e+00 -1.142797896597588792e-01
-1.841137948933374568e-01 4.218904897986840430e-01 -3.663206130070256750e-01 2.021186526075696155e-01 -6.089563150767561828e-01
-7.876163856393403329e-02 1.865441487513261332e-01 -3.676974273978397822e-01 -1.930763680310409180e-01 1.321568009234952434e+00
-5.989097738136373028e-01 -2.649208482498626616e+00 -1.486444118357515276e-01 -9.552822800125631009e-01 9.151901923953544848e-01
-1.170052140558641707e+00 -5.548962463189240912e-01 7.594676177300903330e-02 7.173693148976935108e-01 1.473377691687392521e-01
1.061199513542984141e+00 2.448166922582776517e-01 -6.343370679121701494e-01 -4.003852064871751826e-01 -1.296743508253730193e+00
8.171901148478053489e-01 -2.989385881334469808e-01 1.248918300561302042e+00 1.976760072279201974e-01 3.567653876537520974e-01
8.672699315847710588e-01 -5.763034229945039888e-01 -7.225536235664641316e-01 1.460972717232942308e-01 -6.750130828124289994e-01
1.138390152241960163e+00 1.045041246401907875e+00 -1.200482693453966299e+00 -1.828613428805781482e-01 9.443981533737380030e-01
-7.754154686816362441e-01 -1.111868279398100512e+00 2.292325734477265620e+00 -3.762259811819617106e-01 -5.643332036645992700e-01
7.077839073564305972e-01 1.141015442940260360e+00 1.189173582864176681e-02 1.056328720203014271e+00 -1.069496640799931342e+00
2.630407569530754497e+00 7.029486283349772879e-01 1.738948224183559432e+00 1.094557570932358948e+00 5.425316557024323361e-01
1.135191412268913735e+00 8.860403005159447343e-01 1.376015416650217871e+00 -8.007214023596936903e-01 9.296681824972643504e-01
-2.470606711061899552e-01 -1.049351442696571546e+00 1.213243871845905320e+00 3.048749770352804367e-01 6.271137597478410042e-01
-2.003834439042176951e-01 -1.147320969695422077e+00 1.437535793003287266e+00 -1.555032924185623666e-01 -5.616944797255555288e-01
-2.264369268454163309e-01 4.382094508228840390e-01 -2.582623274964209181e-01 2.120286682425499281e-01 -7.771099288074212463e-01
-6.463377462802397666e-01 1.094210301846804789e+00 1.324610689026007315e-01 -1.000210093129725974e+00 -2.877695410287933186e-01
1.797443067736273159e+00 -1.222145556124742960e-01 2.348185357342237878e-01 2.162477746988082483e+00 -5.779842683831106775e-01
4.916796842687273794e-02 -4.165052822857545634e-02 2.790822513040797648e-01 4.432456737393941637e-02 -1.398059155306606183e+00
-7.053545280244502003e-01 -5.760153408642789685e-01 -5.274042104463869673e-01 -1.319044538365031327e+00 1.437228315947005064e-01
6.045779315534041132e-01 -7.646475208256144906e-01 -7.380400344314742844e-02 -1.467119796761081618e-01 -6.963546673453885338e-01
-5.190409893082650328e-01 -1.232392865058985265e+00 9.979967539537180077e-01 2.078352906045516924e-01 1.034069985469593389e-02
-9.088370477994364705e-02 -6.962569342315548804e-01 -4.283926490634993867e-01 -1.089508128810701137e-02 5.049169079708881736e-01
-1.427094241494931914e+00 -1.245479645066500218e+00 -2.695170731988454804e+00 1.791654150315233451e+00 -2.472190949912298041e+00
1.237533874448005555e+00 -1.877904206417310817e+00 9.208906548535169545e-01 -7.934899133130465243e-01 -2.417175979260188790e-02
7.940343080669776121e-01 -7.113947054127917058e-01 -1.368012139042716624e-01 -1.557147378720405706e-01 -6.870823941104156063e-01
2.596185205399115237e-01 1.656181968695389362e-01 -7.637165468523627876e-01 -3.382808262672644117e-01 -5.526800314778327339e-01
2.599123173051922087e-01 -5.432850328930576289e-01 1.674594792929125386e+00 -9.528049996745506789e-01 1.578648823692342829e+00
4.188731464132925963e-01 -8.821873934469265377e-01 -6.761729034440125963e-01 1.743209687655522311e+00 -7.868735993778903648e-01
1.560407665426999158e+00 2.638030957875000526e-01 1.000052644352910525e+00 1.090419031543149675e+00 8.826956280880625672e-01
-1.928316331223278723e-01 7.038496188363426720e-01 6.566747227156241040e-01 1.498844120680167702e+00 -1.347901320223197641e-01
-1.196686284478549522e+00 -2.754276675342499647e+00 2.118006838106641365e-01 5.125534856975439979e-01 -3.431257520954113516e-01
5.493881880252707850e-01 -2.286959137573180367e+00 -5.326428985026119278e-01 1.317667406992272472e+00 -5.158286075578427665e-01
-9.451674856250221746e-01 1.203609104152800757e-01 -8.103189116408672232e-01 -1.120001703742766974e+00 -1.232519789946128874e+00
3.152415871280692117e-01 6.288046858956866103e-01 1.454543133846966763e+00 9.689560796605457549e-01 1.611176893431439661e+00
1.510400588628391660e-01 -2.681028081203676861e-01 4.253549745576353791e-01 1.860862299866398173e+00 -1.471622371263900941e+00
-5.732989698997500438e-01 -1.676559246570744399e+00 3.191739261894056545e-01 -1.668339361566133272e+00 -3.210936866917122878e-01
-1.100950836849245773e+00 1.344841353391297956e+00 9.469528892976564194e-01 -1.509680178151473040e+00 -1.787098049405267730e+00
-4.094810438359027804e-01 1.162194821143333057e-01 -8.023336289678196787e-01 7.618315368569998913e-01 -8.164022442800785706e-01
-1.685291543282189775e+00 1.844690882922370156e-01 -3.828227752230568548e-01 7.090295015731444828e-01 9.264863832711080216e-02
-2.919523447187690746e-01 1.205294501930794127e+00 -3.487581752223025133e-01 5.231737646236684913e-01 1.196277570588843542e+00
-6.520149963172093832e-01 1.170336315210733780e-01 -1.694095905095398535e-01 -5.208849006775447821e-01 -8.313990315317484336e-01
5.138864792827756434e-01 1.803042598610500036e-01 1.582707463264076964e-01 -1.180050044177715751e+00 -1.069458301826746061e+00
-6.211230245959628027e-01 1.984807520336238529e+00 -1.195166202656239518e+00 1.080224644181162708e+00 -4.106675115392446340e-01
-1.964034042398823399e-01 -7.170068630009653887e-01 -1.272554250781589458e+00 -2.493953129408069957e-01 -1.688896005270776657e+00
-7.698003887447127935e-01 1.119299484596564254e+00 6.930010650668837480e-01 1.259173974721960132e+00 -1.656133355660143192e+00
-3.467421260410784023e-01 -2.838733839519119506e+00 -9.619947184062792589e-01 -8.053019407133115148e-01 1.134989483267176524e+00
-8.148657798675168484e-01 -1.272722437729185030e+00 -8.783243461438096089e-01 -2.721122593910225707e-01 6.734135197892265889e-01
-6.568577583494166205e-01 6.081531805678841440e-01 1.154697092404422115e-01 -4.371480740627917694e-01 4.078511687772026773e-03
5.694438041722438282e-01 -9.102303680905374783e-01 -7.952268807229673220e-01 9.250817788600329550e-01 1.056663343139416567e+00
1.984922569596379582e-01 -6.914990825121625218e-02 1.966955192290617549e-01 -8.267888950536482762e-01 -3.606018614185144688e-01
-4.289979956427070196e-01 6.940928362794549500e-01 -2.289311221437627886e+00 -2.409899659999803490e-02 -4.689705613636265674e-02
4.661148241614287979e-01 8.795283306280566871e-01 -1.373840372786338193e+00 -7.805730720259493882e-01 1.279097736852961020e-01
-5.535514904963952931e-01 9.160574618589577556e-01 3.981629974089920809e-01 -4.425308474912287293e-01 4.034189117332033225e-01
-7.284667587951766388e-01 -1.763880515785841707e+00 -4.562129874986695643e-01 -3.015199410214375875e-01 6.714851663571848317e-02
-1.266423292857825400e+00 -2.382464078350787773e-01 9.901350300490378842e-02 -1.785218903284339742e+00 -8.021124827246994826e-01
1.183186927448247383e+00 -3.061708490614966638e-01 -2.261455110452400552e-01 4.555767570542954004e-02 5.280155690317727135e-01
2.783642991456833360e-01 -2.007626883242037141e-01 -1.249621136472014227e+00 -1.210189652478564248e+00 2.326455332055725300e+00
1.618812978391476892e-02 1.114625262889928914e+00 -5.948752448404770465e-01 7.016023076273866232e-01 2.847213867310333102e-02
-1.196625932970207806e+00 8.685330604790749698e-01 7.057819046797659812e-01 8.182731187798031325e-01 8.167080890954230010e-02
5.245896308610910053e-01 -9.069383512879785059e-01 -1.385466763976935134e+00 6.558965315011182629e-01 4.426172769670578266e-01
-1.337852056383846078e+00 6.348474883928938439e-01 -2.352944942626131297e+00 -6.817125606787557413e-01 -3.866014487576370229e-01
2.226621201684936491e+00 1.923987531403512641e-01 -1.665674383399557978e+00 -2.179790202306996605e+00 -1.872763948789218924e-02
7.512307565203092397e-01 -3.282381688508548279e-02 -1.884365548235869436e+00 3.087486264319602158e-01 2.240888631149139387e-01
8.365029019492017381e-01 1.353778672646611947e-01 -1.541066114519741292e+00 8.318616212343763472e-01 -5.489506464039147771e-01
2.367010580301809330e-01 6.264629859954864433e-01 3.084631786041945323e-01 -1.950017610003933755e-01 -8.437377413225574108e-01
-5.967591842749682129e-01 -1.401212515489919319e+00 1.439852883143583506e+00 1.254782531603792772e-01 -1.652198083482147473e+00
-1.155738103027926122e+00 -2.708725554398037527e+00 1.084444930145550323e+00 -4.737815262624670565e-01 -8.503021435847306631e-01
-1.340864603660487431e+00 -3.830154778301853025e-01 -5.287591818896162366e-01 8.261535770136743118e-01 8.443400309968911166e-02
-1.243336828608101602e-01 -7.146106300037150527e-01 -1.500983011293092195e+00 4.007148638090374249e-01 -7.242041984279760092e-01
-5.846574716864167964e-01 9.006098666703988842e-01 1.953186820051652006e+00 8.508026223617224382e-01 4.074589926307262688e-01
-6.402128605625886371e-01 -7.201057882394219511e-01 -1.495430670330645251e+00 -5.320374848142346291e-01 2.374202770777698035e-01
-5.890614038727561008e-02 -7.270842665438334018e-01 -1.961093307096474225e+00 1.419401071712380835e+00 -2.137927059214145942e+00
1.514223581414803066e-01 6.819884580908418537e-01 3.900648882026290509e-02 1.220968361886134002e+00 -2.613536949067920001e-01
-9.599968633176011457e-01 -2.659711275615325721e-01 3.403859393450184845e-01 1.157176974503604239e+00 1.466733494644553382e+00
8.065389761940997548e-01 -5.735985247974514367e-01 -2.945361522599184712e-01 2.234915023010933588e+00 -4.610325790094879084e-01
1.563153110969178472e-01 -5.534701132231726328e-01 -9.444100254990538401e-01 1.178251575838559662e+00 -1.986698934727939569e-01
8.003410416867687283e-02 9.675634997370282653e-01 1.620152280704841408e+00 1.166877706646611612e+00 3.177806526161296996e-01
-3.479448940664793821e-01 1.698350317269500920e+00 -5.600501169618710140e-01 1.870340254553553905e+00 2.184767192171609973e-01
7.939156442651861267e-01 -1.345909095575139602e+00 -5.338864473241905495e-01 6.336590642102262194e-01 -1.371067455668557866e-01
7.719856769357930082e-02 -1.705902807162697765e-01 -1.364283106839287107e+00 1.257364156551941781e+00 -2.313540353540676442e+00
1.890016054850996441e-01 2.708776850283212689e-01 -2.949207117404052392e-01 -3.299889360953359718e-01 -1.037591389471878900e+00
-6.181332612527862258e-01 1.837130364959703055e+00 -4.004371000745126641e-01 8.158130588102047165e-01 2.457108456302833366e-01
-6.657785787124079757e-01 -1.504300200150953781e+00 -8.401371801007716522e-01 -5.906170673862719545e-01 4.497249432823608450e-01
-1.409912865661814507e+00 -3.068044194302948502e-01 -6.330668042946068219e-01 -5.096597117848197245e-01 1.208505105804847796e-01
1.190369578277890916e+00 -5.505340606044254459e-01 3.151352623387405072e-01 1.008693789325874279e+00 1.697498326495883836e+00
-8.028819089736046744e-01 1.176793496811466389e+00 5.035189972985776308e-01 3.457079644237105037e-02 -6.107838467835807750e-01
-5.904379397518721984e-01 8.914079185147993911e-01 5.340063357806021926e-01 -1.283040155557488404e+00 7.340745961301324840e-01
7.193437781261169395e-01 -5.346234679448864657e-01 1.286098738522505780e+00 3.127072794239407205e-01 3.457383313611953612e-01
1.223507964198397580e-01 -1.749438865956257361e-01 -3.004593481472974115e-01 -8.500129137391094769e-01 6.149477396088125214e-02
1.122065799667718800e+00 -1.183577531698671637e+00 1.026973210231246769e+00 -9.745605800831602661e-01 -6.015145347121959862e-02
-2.599161608852993854e+00 -1.555350732605208064e+00 -1.374614738170001571e+00 1.574754062008359101e+00 1.550698799799628658e+00
-1.054817422396395893e-01 -3.571561722484243862e-01 -5.210073645350912219e-01 -5.996048914566920462e-01 -9.608784991336405401e-02
8.517057769528794120e-01 -1.521760959451363471e+00 1.151423814907462484e+00 -8.959522230671944643e-01 -1.056176688339848235e+00
6.819343847255012747e-01 -6.216094948501536821e-02 5.460831914734197712e-01 1.547238447904779157e+00 -1.434376167734274343e+00
-2.759374086220431010e+00 -4.197967900213955272e-01 -4.616837216185912252e-01 5.161254597019782064e-01 -2.575254149381238089e-01
8.125205394997184194e-02 2.196172729100009657e-01 -6.262889723718856327e-03 2.027311676773451421e-01 -3.813147334795562449e-01
-1.365221363080960093e-01 5.514485611698403122e-01 -1.326031748828628176e+00 2.727580869517527873e+00 1.157456866657333050e+00
-1.117176579795552627e+00 -4.773745214118134128e-01 -3.925570323525756078e-01 -1.065790969097555330e+00 1.159809034377758508e+00
1.049756162774903467e+00 1.565481307493314378e-01 -2.672135995469659964e-02 -4.455579070594509888e-02 5.214165176420434422e-01
-4.879613970676559553e-01 -1.346312749140560483e-01 -6.946803450269011249e-01 5.856353089223902825e-02 1.952400789643598422e+00
-1.791118355821580410e+00 -1.564956032356636495e+00 -5.601771471062813035e-01 -4.316785577929478923e-01 1.235259561671268463e-01
-9.690695758278509986e-02 3.357847454646475382e-01 -1.469570683552505086e+00 -1.400090358153583292e+00 -3.482956706587873597e-01
-1.265976529091028535e-01 -1.532661646368477459e+00 -2.044974181570660132e-01 5.226657471451688908e-01 1.217192591909359134e+00
1.823674841995414839e-02 -1.856589383357452272e+00 -1.033877860962865380e+00 -9.126038685444648468e-01 -1.010844089561209191e+00
3.674242069686758372e-01 3.350837566498747200e-01 2.095525052925896192e-01 -7.499665542138125307e-01 1.596233744442190905e-01
-1.720065999451080296e+00 3.025859719872479592e-01 1.090136364849483064e+00 3.073942582126275025e-01 -2.602374580971259288e+00
1.501075329147619208e-01 3.140623077632438420e-01 -1.498688661595973359e+00 6.123945270732890078e-01 9.627937276123384180e-02
-9.366721424302906218e-01 -6.017423010838681696e-01 2.559803242550265923e-01 4.796985268245670397e-01 -1.997130547309897475e+00
1.243071499014197112e+00 -2.671833111608484246e-01 -1.304533279894872777e+00 -2.637207568183127515e-01 -2.565199869742107452e-02
-3.858949910797294103e-01 -2.482199033214506009e-02 -8.613001586656954256e-01 -5.063594928501422565e-01 3.532561782833597563e-01
-9.682260077817828048e-01 -1.068574753243212161e+00 -9.227022448763986251e-01 -1.279142119124315746e+00 3.646958593737129606e-01
-8.413263074321492008e-02 1.032491086917149303e+00 5.263408903744356548e-01 -1.800268648319420794e+00 7.991291848039183687e-01
8.726059138997056541e-01 3.356261682788582501e+00 -6.572139955988903770e-01 -2.250403801172816465e+00 1.181239767594798096e+00
1.532715633594279869e-01 1.174825473475077597e+00 5.370782117996146798e-01 -4.480307635542726125e-02 8.885218273919571752e-01
-2.398845827949412701e+00 -1.414378793518411837e-01 -1.566021546572191392e+00 1.021278221747405901e+00 1.093138217500761039e-01
-1.507339385314300451e+00 4.485197058814108934e-02 6.014021070455426443e-01 5.759646962152714655e-02 1.119946232292001326e-01
9.598000666164105965e-01 -8.215204070500639055e-01 -7.415973082321836163e-01 1.188497721735260804e+00 -1.141366065202137348e+00
2.225227930410271227e-01 -5.365101974614990832e-01 -2.071649992036686816e-01 3.192980796841122237e-01 -2.647592106318089056e-01
-2.288515262039768405e+00 1.253134576969928915e+00 -9.216813762950723521e-02 9.233250335027621825e-01 -2.605560833533309695e-01
1.862814192479388176e+00 -2.930676661054163468e-01 1.494301587303428214e+00 -5.758443536258703865e-01 -2.734780417107292028e-01
-7.704591989540053865e-01 1.511870190593598062e+00 2.071452983493828448e+00 7.937924844100919808e-01 1.474829445015003015e+00
-5.524637382841869615e-02 -1.253165481254887359e+00 -1.248310529974727690e+00 1.003257421352504952e+00 -2.496533054552542152e-01
-4.836310145750364331e-01 -1.132995310018697799e+00 7.058083551145459544e-02 2.969970124257969690e+00 -2.435004236578409031e+00
6.097621103187066405e-01 1.581316658309562584e+00 7.139176613907286528e-01 -6.893691255402657481e-01 -4.653489233461201025e-01
-4.513138936932359901e-01 -5.723701579249064197e-01 7.675263227042289360e-01 -4.145258508142877774e-01 -4.342786539221553110e-01
-4.030676375557867841e-02 -8.725072318804074634e-01 7.765700321720578891e-01 1.404939257944815278e-01 -2.648634218369287363e-01
1.096890615358999010e+00 1.374892608254115078e+00 -1.704869909204840273e+00 5.086637985835765208e-02 7.538374768589429786e-01
-5.173229479367938977e-01 1.012002325435692018e+00 -4.835735279952506627e-01 1.446780171645982271e+00 -1.398980082445850037e+00
-6.773196356788925288e-01 -5.593375585705702147e-01 -1.213038843931249389e+00 8.269617921508171099e-02 -3.028050912269039108e-01
-1.148999474427141454e+00 -2.203596512636672999e-01 -7.837502424043188975e-01 1.502591042227784945e-01 -5.970285237042625148e-01
-6.028051874193971482e-01 6.550777973729458026e-01 -1.826850275185444294e+00 1.310925995759021634e-01 -1.209057720743695219e+00
-8.098365074009362674e-01 -1.426020847911123379e+00 9.378324017229411336e-01 -8.408490935970686087e-01 -6.198824971584732113e-01
4.242551584124270581e-01 6.852721801828107751e-01 -9.425169161566483433e-01 -5.722845031195552407e-02 1.542181003813010376e+00
2.742254706984347479e+00 1.722022854911426371e-01 1.908625632177999520e+00 -2.856497288178139748e-01 -1.583869844101693847e+00
-6.913473460558771100e-01 -1.858133862927292268e-01 -5.301071012871311217e-01 3.793406521500802125e-02 3.827509757438212201e-01
-2.038007350819114993e+00 4.570489616638791913e-02 -9.778184472356824530e-01 -1.983634055563224807e-01 1.998329038631728727e-01
-3.834129183411045805e-01 -5.377259161092108330e-01 2.237774481526017656e+00 -8.738474240476069577e-01 -1.305218370291930663e-01
8.620568212769676997e-01 -1.340423035757419834e-01 -1.105761469773042460e+00 -7.588191354232879382e-01 1.984222127024674043e-01
8.359028289423630076e-01 2.423299837560322911e-01 -1.227667103642177793e+00 -7.445915636446667207e-01 -3.550601770025183512e-01
1.011463088447948078e+00 2.254497564026379131e+00 1.113486450935701200e+00 5.922877292906101321e-01 -5.180827450640314996e-02
2.956120289488422870e+00 3.177226198584163358e-02 -5.077214365423867726e-01 -3.802049642778214111e-01 -1.755765788280991835e-01
1.075371494396356598e+00 8.894721946653801892e-01 -6.694574434440377919e-01 -5.489446735256987564e-01 -4.761759694449139158e-01
1.797734631080620260e-01 -1.415821077508391701e+00 -9.323917632523551768e-01 -2.386507188855686856e-01 1.418452128331729289e+00
-1.440185660258746614e+00 -7.847431587455904189e-01 -7.038417741635648595e-01 -1.552719212746743738e+00 1.281117480725486368e+00
1.452974843168245156e-01 7.919500600770551513e-01 -7.946403904627944437e-01 -7.117081401173475097e-01 1.482316761790663517e-01
8.175672067007296873e-01 -2.885697446660839827e-01 -9.876661149083089120e-01 2.533560910821807677e-01 -6.224585967082820748e-01
-4.827025466831650347e-01 -1.487170565846783754e-01 -2.083887959390271494e+00 -6.095914015865989688e-01 9.579515941999956763e-02
-1.830403684711293222e+00 1.319187123808221729e-01 -8.590102066809343073e-01 -1.143078050098674359e+00 1.315855205927457527e+00
-3.238713376903426533e-01 -1.344243169792667114e+00 1.384901439455344496e+00 1.523190664044238973e+00 -1.716338546288324329e-01
-1.607406348284630360e+00 6.050158041758536553e-01 -4.214215009198600259e-01 2.259732915332899772e+00 -1.090508660474342140e+00
-1.838422476054042409e-01 -1.588820231331967925e+00 9.649765690814124941e-01 -4.185649883106579150e-01 5.385460009668615600e-01
-4.210099402682322411e-01 1.052014303158356201e+00 1.104320071674675052e+00 -8.431014926404765131e-01 1.168544045042105989e-01
-4.120326862678790336e-01 -1.636269035956670947e+00 -9.824030156646170742e-01 2.150321473141147077e+00 5.051750218548968219e-01
-1.344463408293377071e+00 -4.479865533297121560e-01 3.441909676238019689e-01 5.081033961042537017e-01 -1.430992096981714701e+00
-1.244417401813077584e+00 -9.188214621031532969e-01 1.012661844223627927e+00 -4.124178982262082238e-01 -3.436465810316754466e-01
-2.245483594788049708e-01 9.211926845443675349e-01 6.918573591870997852e-01 1.662634659946708782e+00 -2.174831677417939924e-01
2.108016392738968570e+00 -8.384032191513961507e-01 -1.736191963532874860e-01 -8.739766776982170748e-01 -1.420872216910028518e-01
-6.432376889054839397e-01 -9.857950501872807525e-01 -7.297854608285483935e-03 1.816833968029190283e+00 -4.056316170343783334e-01
9.138774137345022641e-01 -1.054021340726230660e+00 -7.685449781769271294e-01 4.734425487944734501e-01 -4.690864679034869589e-01
-1.604050717503474166e+00 -1.203386118869595123e+00 -1.108181310465962577e+00 9.106949554524850221e-01 7.537410241787810827e-01
-2.601113457599276702e-01 -9.447995653037624675e-02 3.967186502517892066e-01 5.525981187703985498e-01 3.759980398282619651e-02
-6.037855172869024400e-01 4.619793705935056893e-01 -1.484940797404887380e+00 -9.887194893220678793e-01 2.333012380460336987e-01
6.145524044941078623e-01 2.371519422110842878e+00 1.231185444890689373e+00 2.781990293405995018e+00 -1.221164639047732203e+00
-1.450222066421721356e-01 5.079657318923804787e-01 -7.330567291193854640e-01 5.373242499734073307e-01 -7.712507887751756108e-01
-1.812672016344588855e+00 -6.797340027883903568e-01 -1.474070258684068380e+00 -2.670450135062192309e-01 -6.784206299110467908e-01
1.393891705750123888e+00 -2.121032297249007659e+00 2.374555473549167517e-01 1.377798171802198768e+00 -2.021822449745639683e-01
-3.067938790967825735e-01 1.287572206822703014e-01 2.638288000290848756e-01 1.700651381869926260e+00 -7.721968851013971680e-01
-1.070241130359350867e+00 3.054830077512994957e-01 4.289044463719747791e-01 2.581700996480224219e+00 1.205062760183390064e-01
1.352714886733670796e-01 4.666623298203501635e-01 -5.858898362508968560e-01 -3.990832053141932234e-01 -2.076589880372272656e-01
-1.137625438815182743e+00 -1.849465131630813941e+00 -5.223124253877322598e-01 5.068629764935433935e-01 3.785980426489714001e-01
1.041886130035354574e+00 -2.953055453260563512e-01 2.334974639637013905e+00 -1.546916163643788089e-01 -1.265285208620800628e+00
-1.293242092462547177e+00 -5.195521023923413972e-01 -2.766752406332295133e-01 1.160861631180133344e-02 2.466597361286942736e+00
5.211432517761703520e-02 3.086039557032426828e+00 -7.108514326407155970e-01 6.701924803225283167e-01 2.676580375772901754e-01
-4.570212588897075712e-01 8.596659378463266110e-01 -1.018462292381525192e+00 -3.569150918493118496e+00 -1.196154918687420077e+00
-7.833117312488894202e-01 1.029704016320688975e+00 1.176417463900820248e+00 -5.587238114121196864e-01 1.929699541322332124e+00
-1.571571246323370641e+00 5.129720892069551397e-01 -1.634764777158518867e-01 -5.710355818874600642e-01 -4.853909829143842058e-01
6.268302123415424587e-01 4.717590451926842454e-01 3.733048942548832239e-01 -7.853556482278900575e-01 3.159069340106112067e-01
2.043860095521872478e-02 -7.693436747633167205e-02 -1.636077996231770637e-01 2.076119075508351952e-01 -1.068921210819099521e+00
-1.530162286125999582e+00 7.575691059617623013e-01 -1.717987436554058167e-01 7.516813592822340073e-01 -9.353449778961239192e-01
-1.146879527716549108e+00 -1.344428927666217133e+00 -8.472061163655741911e-01 -5.426786726903463087e-01 -2.622397155650390221e+00
4.139307682361610952e-01 -2.745830253025436929e-01 1.882423072444881829e+00 -1.429622014992443790e-01 2.441970782951785601e+00
3.980800624953838018e-01 6.323824777154063437e-01 -4.867826287604952729e-01 -5.208637064407408701e-01 -1.709064848446433527e-01
-2.507442712386274142e-01 -1.675788356457796890e-01 -8.916116467822288172e-01 -5.868007674539739149e-01 -1.504740233580457165e-01
-7.429531279576150338e-01 -7.383482124703815153e-01 2.648548581004319669e+00 -4.184069945582762906e-01 -6.266554664656615037e-01
1.285139737004958649e+00 -2.617371427414658669e-01 6.146173617906266484e-01 -6.678415780299585824e-01 9.857971139492618384e-01
-5.343825705826455996e-01 -3.005198144749265499e+00 -8.305702969725685669e-01 -6.112614918685284060e-01 2.257701618558182743e-01
2.810010440438053814e-01 6.019085697325148310e-01 1.050130185395051624e-01 -2.018625395533129446e-02 -5.229815789088146927e-01
4.623724011020253211e-01 5.748555764394529533e-01 -7.330448377221067124e-01 1.434825316787369243e-01 -1.909331775365900319e-01
-9.724581462440298196e-01 -1.644689381945831252e+00 -1.215411190677316622e+00 -5.151875393226013067e-01 -1.775247953617195229e+00
-1.084472435841690841e+00 1.071555516220154880e+00 -8.152566779631841287e-01 9.313469523202818623e-01 5.563089172258658399e-01
1.157098146773121616e+00 -1.500353217179922760e+00 -6.356382433371831064e-01 -2.123356337626456092e-01 -1.264013096859887275e+00
-5.443449077980794248e-01 -7.273692831602446285e-01 -1.464929098514871075e+00 -8.907814741014303817e-01 2.693080242199254182e-02
1.764177238985628060e-01 -7.684175181731959237e-01 1.340800741553989095e-01 1.206238130445146828e+00 5.402294610419371146e-02
-3.031541488403566298e-04 -2.599188087277969905e-01 7.085965744941432609e-01 1.324019039098834338e-01 9.569372131051254726e-01
-2.260754814826815284e+00 -1.516640774042274487e+00 -3.362823783226321916e-01 -7.047828073335280497e-01 2.073414033507002596e+00
